1 0.0775936329588015 0.3762543252595156 0.1458239700374532 0.25510596885813147
1 0.0916807116104869 0.6752746539792387 0.13186329588014983 0.232469723183391
1 0.25856741573033704 0.690313581314879 0.1332443820224719 0.24524437716262976
2 0.21570692883895132 0.37469074394463664 0.14583333333333334 0.24765138408304502
2 0.3602762172284644 0.3781509515570934 0.15407303370786518 0.25024870242214536
2 0.5178885767790262 0.3812673010380623 0.16499063670411987 0.24566608996539793
2 0.6489887640449439 0.3893728373702422 0.12288389513108615 0.22727508650519032
2 0.7746722846441948 0.393215830449827 0.09802902621722846 0.21117214532871972
2 0.8611329588014982 0.3896453287197232 0.130500936329588 0.20186851211072665
2 0.42416666666666664 0.6925627162629757 0.1507631086142322 0.2497448096885813
2 0.5604868913857678 0.6864943771626297 0.11909644194756554 0.24841911764705885
2 0.689756554307116 0.6834818339100346 0.12014981273408239 0.23158304498269894
2 0.8208192883895131 0.6704606401384083 0.12946629213483146 0.22716479238754328
2 0.9206647940074906 0.6612024221453288 0.1044428838951311 0.22378892733564013