3 0.24305555555555555 0 0.2490079365079365 0 0.25132275132275134 0.002232142857142857 0.25396825396825395 0 0.26851851851851855 0 0.26884920634920634 0.001736111111111111 0.26951058201058203 0 0.3098544973544973 0 0.310515873015873 0.001984126984126984 0.31183862433862436 0 0.31613756613756616 0 0.31746031746031744 0.002232142857142857 0.32705026455026454 0.003720238095238095 0.3333333333333333 0.001984126984126984 0.333994708994709 0 0.35648148148148145 0 0.3578042328042328 0.001984126984126984 0.3611111111111111 0 0.3776455026455027 0 0.38062169312169314 0.014632936507936508 0.37466931216931215 0.1039186507936508 0.36937830687830686 0.125 0.36607142857142855 0.12748015873015872 0.34523809523809523 0.12475198412698413 0.3316798941798942 0.12648809523809523 0.328042328042328 0.12251984126984126 0.310515873015873 0.12152777777777778 0.29993386243386244 0.12202380952380952 0.29662698412698413 0.12450396825396826 0.2976190476190476 0.12698412698412698 0.31712962962962965 0.13120039682539683 0.32837301587301587 0.1314484126984127 0.33201058201058203 0.12698412698412698 0.3435846560846561 0.1349206349206349 0.3630952380952381 0.13938492063492064 0.36342592592592593 0.1505456349206349 0.359457671957672 0.1654265873015873 0.3455687830687831 0.1654265873015873 0.34226190476190477 0.16319444444444445 0.3376322751322751 0.16319444444444445 0.3369708994708995 0.16493055555555555 0.3435846560846561 0.16865079365079366 0.3548280423280423 0.1701388888888889 0.3584656084656085 0.17311507936507936 0.36507936507936506 0.19642857142857142 0.3627645502645503 0.19816468253968253 0.351521164021164 0.19866071428571427 0.3306878306878307 0.19593253968253968 0.32671957671957674 0.19940476190476192 0.3343253968253968 0.20163690476190477 0.3458994708994709 0.2003968253968254 0.3627645502645503 0.20610119047619047 0.36706349206349204 0.2130456349206349 0.3680555555555556 0.23065476190476192 0.36342592592592593 0.23288690476190477 0.3548280423280423 0.23313492063492064 0.25727513227513227 0.22495039682539683 0.24305555555555555 0.22172619047619047 0.23644179894179895 0.21726190476190477 0.23313492063492064 0.20436507936507936 0.23412698412698413 0.19518849206349206 0.24801587301587302 0.19122023809523808 0.2648809523809524 0.19419642857142858 0.2876984126984127 0.19270833333333334 0.2757936507936508 0.18824404761904762 0.24801587301587302 0.1875 0.2371031746031746 0.18303571428571427 0.24768518518518517 0.15550595238095238 0.24338624338624337 0.14012896825396826 0.24371693121693122 0.12624007936507936 0.25 0.1232638888888889 0.2863756613756614 0.12748015873015872 0.28935185185185186 0.11979166666666667 0.2757936507936508 0.1158234126984127 0.2447089947089947 0.11135912698412699 0.24173280423280424 0.10838293650793651 0.2390873015873016 0.09722222222222222 0.23842592592592593 0.06349206349206349 0.24305555555555555 0.000248015873015873
1 0.6841931216931217 0.8425099206349206 0.7003968253968254 0.8447420634920635 0.7063492063492064 0.8487103174603174 0.708994708994709 0.8797123015873016 0.7146164021164021 0.8911210317460317 0.716931216931217 0.9035218253968254 0.7103174603174603 0.9784226190476191 0.7080026455026455 0.9895833333333334 0.7013888888888888 0.9997519841269841 0.5631613756613757 0.9997519841269841 0.5625 0.9965277777777778 0.5661375661375662 0.9801587301587301 0.5651455026455027 0.9496527777777778 0.5701058201058201 0.8903769841269841 0.5744047619047619 0.8727678571428571 0.5896164021164021 0.8516865079365079 0.595568783068783 0.8482142857142857 0.6838624338624338 0.8425099206349206
1 0.9126984126984127 0.826140873015873 0.9216269841269841 0.8278769841269841 0.9332010582010583 0.826140873015873 0.9427910052910053 0.8273809523809523 0.9477513227513228 0.830109126984127 0.9576719576719577 0.8435019841269841 0.9708994708994709 0.8732638888888888 0.9708994708994709 0.8869047619047619 0.9656084656084656 0.9064980158730159 0.9573412698412699 0.9739583333333334 0.9451058201058201 0.9997519841269841 0.8783068783068783 0.9997519841269841 0.876984126984127 0.9975198412698413 0.8650793650793651 0.9972718253968254 0.855489417989418 0.9972718253968254 0.8511904761904762 0.9997519841269841 0.843584656084656 0.9947916666666666 0.8482142857142857 0.9444444444444444 0.8571428571428571 0.8893849206349206 0.8465608465608465 0.8549107142857143 0.8382936507936508 0.8415178571428571 0.8382936507936508 0.8370535714285714 0.8521825396825397 0.8330853174603174 0.9123677248677249 0.826140873015873
1 0.8786375661375662 0.4027777777777778 0.9007936507936508 0.404265873015873 0.906415343915344 0.40773809523809523 0.906084656084656 0.42336309523809523 0.9007936507936508 0.43526785714285715 0.9004629629629629 0.44345238095238093 0.917989417989418 0.48387896825396826 0.9255952380952381 0.5084325396825397 0.9265873015873016 0.5200892857142857 0.9169973544973545 0.5992063492063492 0.90244708994709 0.626984126984127 0.8981481481481481 0.6540178571428571 0.890542328042328 0.6584821428571429 0.890542328042328 0.6617063492063492 0.8984788359788359 0.6676587301587301 0.9007936507936508 0.6775793650793651 0.8991402116402116 0.6845238095238095 0.890542328042328 0.6889880952380952 0.8988095238095238 0.6961805555555556 0.8988095238095238 0.7063492063492064 0.892526455026455 0.7132936507936508 0.8958333333333334 0.7202380952380952 0.8938492063492064 0.7251984126984127 0.8865740740740741 0.7316468253968254 0.8707010582010583 0.736359126984127 0.8587962962962963 0.7348710317460317 0.8521825396825397 0.7301587301587301 0.8386243386243386 0.7358630952380952 0.8167989417989417 0.734375 0.7966269841269841 0.7251984126984127 0.7966269841269841 0.7217261904761905 0.8177910052910053 0.716765873015873 0.8141534391534392 0.7142857142857143 0.7966269841269841 0.7125496031746031 0.794973544973545 0.6969246031746031 0.814484126984127 0.6919642857142857 0.8108465608465608 0.6882440476190477 0.8002645502645502 0.6889880952380952 0.7847222222222222 0.685515873015873 0.7900132275132276 0.6684027777777778 0.828042328042328 0.6654265873015873 0.8313492063492064 0.6629464285714286 0.841931216931217 0.6626984126984127 0.845568783068783 0.6644345238095238 0.8472222222222222 0.6622023809523809 0.8458994708994709 0.6604662698412699 0.7959656084656085 0.6579861111111112 0.7923280423280423 0.654265873015873 0.7926587301587301 0.628968253968254 0.8108465608465608 0.5783730158730159 0.8174603174603174 0.5203373015873016 0.8128306878306878 0.48462301587301587 0.8330026455026455 0.46403769841269843 0.8429232804232805 0.44990079365079366 0.8482142857142857 0.4357638888888889 0.8468915343915344 0.4211309523809524 0.8498677248677249 0.40773809523809523 0.8558201058201058 0.4037698412698413 0.8783068783068783 0.4027777777777778
1 0.9953703703703703 0.8229166666666666 0.9996693121693122 0.8236607142857143 0.9996693121693122 0.9997519841269841 0.9507275132275133 0.9997519841269841 0.9636243386243386 0.9439484126984127 0.9646164021164021 0.9206349206349206 0.9708994708994709 0.8921130952380952 0.9722222222222222 0.8700396825396826 0.9563492063492064 0.8380456349206349 0.955026455026455 0.8283730158730159 0.9715608465608465 0.8239087301587301 0.9950396825396826 0.8229166666666666
1 0.7662037037037037 0.3958333333333333 0.7900132275132276 0.3990575396825397 0.794973544973545 0.4055059523809524 0.7939814814814815 0.4226190476190476 0.7962962962962963 0.4288194444444444 0.7926587301587301 0.4365079365079365 0.7959656084656085 0.4427083333333333 0.7939814814814815 0.44642857142857145 0.7979497354497355 0.4600694444444444 0.8082010582010583 0.47966269841269843 0.8151455026455027 0.5148809523809523 0.808531746031746 0.5783730158730159 0.7893518518518519 0.6264880952380952 0.7843915343915344 0.6579861111111112 0.7757936507936508 0.6604662698412699 0.7410714285714286 0.6597222222222222 0.7106481481481481 0.6614583333333334 0.7162698412698413 0.6664186507936508 0.7440476190476191 0.6686507936507936 0.7757936507936508 0.6654265873015873 0.7787698412698413 0.6684027777777778 0.7797619047619048 0.6875 0.7754629629629629 0.6899801587301587 0.7536375661375662 0.6927083333333334 0.7615740740740741 0.6961805555555556 0.7761243386243386 0.6941964285714286 0.7840608465608465 0.6996527777777778 0.7833994708994709 0.7118055555555556 0.7791005291005291 0.7157738095238095 0.7612433862433863 0.7152777777777778 0.7503306878306878 0.7170138888888888 0.7609126984126984 0.7204861111111112 0.779431216931217 0.7182539682539683 0.7833994708994709 0.7229662698412699 0.77744708994709 0.7341269841269841 0.7622354497354498 0.7388392857142857 0.7542989417989417 0.738343253968254 0.7410714285714286 0.7336309523809523 0.7258597883597884 0.7388392857142857 0.7113095238095238 0.7378472222222222 0.7027116402116402 0.734375 0.6980820105820106 0.7276785714285714 0.7023809523809523 0.7194940476190477 0.6927910052910053 0.7132936507936508 0.6871693121693122 0.6996527777777778 0.6957671957671958 0.6974206349206349 0.734457671957672 0.6964285714285714 0.7447089947089947 0.6951884920634921 0.7463624338624338 0.6927083333333334 0.72255291005291 0.6912202380952381 0.7023809523809523 0.6941964285714286 0.6858465608465608 0.6912202380952381 0.6822089947089947 0.6884920634920635 0.6808862433862434 0.671875 0.685515873015873 0.669890873015873 0.703042328042328 0.6688988095238095 0.7056878306878307 0.6614583333333334 0.6845238095238095 0.660218253968254 0.6795634920634921 0.6577380952380952 0.6832010582010583 0.6408730158730159 0.6828703703703703 0.6128472222222222 0.6957671957671958 0.5791170634920635 0.6957671957671958 0.5481150793650794 0.7040343915343915 0.4962797619047619 0.7023809523809523 0.4779265873015873 0.7215608465608465 0.45808531746031744 0.7328042328042328 0.44246031746031744 0.7374338624338624 0.4288194444444444 0.7357804232804233 0.41418650793650796 0.7400793650793651 0.39732142857142855 0.7658730158730159 0.3958333333333333
1 0.957010582010582 0.20907738095238096 0.9996693121693122 0.21354166666666666 0.9996693121693122 0.2353670634920635 0.9950396825396826 0.23759920634920634 0.9811507936507936 0.2378472222222222 0.9871031746031746 0.24206349206349206 0.9996693121693122 0.24379960317460317 0.9996693121693122 0.2638888888888889 0.9947089947089947 0.265625 0.9699074074074074 0.2631448412698413 0.953042328042328 0.25570436507936506 0.9523809523809523 0.24801587301587302 0.9563492063492064 0.24305555555555555 0.9682539682539683 0.2418154761904762 0.9738756613756614 0.23834325396825398 0.9775132275132276 0.24107142857142858 0.980489417989418 0.23809523809523808 0.9738756613756614 0.23735119047619047 0.9682539682539683 0.23214285714285715 0.9580026455026455 0.23115079365079366 0.9494047619047619 0.22718253968253968 0.9494047619047619 0.21676587301587302 0.9527116402116402 0.21106150793650794 0.9566798941798942 0.20907738095238096
1 0.814484126984127 0.8333333333333334 0.828042328042328 0.8360615079365079 0.8356481481481481 0.8435019841269841 0.8432539682539683 0.8559027777777778 0.8531746031746031 0.8839285714285714 0.8518518518518519 0.9176587301587301 0.8402777777777778 0.9893353174603174 0.8422619047619048 0.9937996031746031 0.8531746031746031 0.9945436507936508 0.8551587301587301 0.9997519841269841 0.8505291005291006 0.9997519841269841 0.8488756613756614 0.9955357142857143 0.841931216931217 0.9947916666666666 0.8346560846560847 0.9997519841269841 0.7867063492063492 0.9997519841269841 0.7863756613756614 0.998015873015873 0.7800925925925926 0.9970238095238095 0.7767857142857143 0.9997519841269841 0.7119708994708994 0.9997519841269841 0.7126322751322751 0.9593253968253969 0.7195767195767195 0.9007936507936508 0.7139550264550265 0.8759920634920635 0.7271825396825397 0.8559027777777778 0.7294973544973545 0.8472222222222222 0.7347883597883598 0.8420138888888888 0.8141534391534392 0.8333333333333334
1 0.6712962962962963 0 0.728505291005291 0 0.7328042328042328 0.019593253968253968 0.7506613756613757 0.05679563492063492 0.7529761904761905 0.07390873015873016 0.7476851851851852 0.1259920634920635 0.7377645502645502 0.16865079365079366 0.7328042328042328 0.17038690476190477 0.7166005291005291 0.17063492063492064 0.6858465608465608 0.1644345238095238 0.6759259259259259 0.16592261904761904 0.6517857142857143 0.1609623015873016 0.6345899470899471 0.1597222222222222 0.6273148148148148 0.15699404761904762 0.6259920634920635 0.14955357142857142 0.6306216931216931 0.13095238095238096 0.6365740740740741 0.0662202380952381 0.6435185185185185 0.046875 0.6626984126984127 0.01984126984126984 0.6712962962962963 0.000248015873015873
1 0.7820767195767195 0 0.8452380952380952 0 0.8472222222222222 0.005456349206349206 0.8409391534391535 0.015128968253968254 0.8406084656084656 0.022817460317460316 0.8478835978835979 0.04365079365079365 0.8607804232804233 0.06448412698412699 0.8640873015873016 0.08556547619047619 0.8561507936507936 0.1609623015873016 0.8495370370370371 0.1840277777777778 0.8346560846560847 0.1865079365079365 0.8187830687830688 0.1817956349206349 0.792989417989418 0.18055555555555555 0.7466931216931217 0.171875 0.7440476190476191 0.1579861111111111 0.7473544973544973 0.14955357142857142 0.7552910052910053 0.07217261904761904 0.781084656084656 0.028025793650793652 0.783068783068783 0.018849206349206348 0.7787698412698413 0.007688492063492063 0.7820767195767195 0.000248015873015873
1 0.8915343915343915 0 0.9520502645502645 0 0.9523809523809523 0.026041666666666668 0.9464285714285714 0.034722222222222224 0.9460978835978836 0.04265873015873016 0.9517195767195767 0.059027777777777776 0.9656084656084656 0.08407738095238096 0.968584656084656 0.10168650793650794 0.9626322751322751 0.1388888888888889 0.9613095238095238 0.16964285714285715 0.953042328042328 0.1956845238095238 0.9484126984126984 0.19791666666666666 0.9378306878306878 0.19866071428571427 0.9226190476190477 0.1949404761904762 0.8776455026455027 0.19072420634920634 0.8571428571428571 0.1857638888888889 0.855489417989418 0.17881944444444445 0.8657407407407407 0.08035714285714286 0.8683862433862434 0.07465277777777778 0.8786375661375662 0.06522817460317461 0.888558201058201 0.04439484126984127 0.8852513227513228 0.031994047619047616 0.8855820105820106 0.020833333333333332 0.8915343915343915 0.000248015873015873
2 0.6478174603174603 0.388640873015873 0.671957671957672 0.39037698412698413 0.6755952380952381 0.3931051587301587 0.6759259259259259 0.4114583333333333 0.6752645502645502 0.4149305555555556 0.6703042328042328 0.41889880952380953 0.6703042328042328 0.42857142857142855 0.6924603174603174 0.4662698412698413 0.7007275132275133 0.4853670634920635 0.7017195767195767 0.49851190476190477 0.6941137566137566 0.5451388888888888 0.6934523809523809 0.5813492063492064 0.6858465608465608 0.6026785714285714 0.6630291005291006 0.6438492063492064 0.667989417989418 0.6617063492063492 0.654431216931217 0.6639384920634921 0.6087962962962963 0.6626984126984127 0.5681216931216931 0.6644345238095238 0.5598544973544973 0.6629464285714286 0.5595238095238095 0.6574900793650794 0.5813492063492064 0.6128472222222222 0.5694444444444444 0.5778769841269841 0.5757275132275133 0.5342261904761905 0.580026455026455 0.47371031746031744 0.6164021164021164 0.4288194444444444 0.6180555555555556 0.4184027777777778 0.6154100529100529 0.40600198412698413 0.6183862433862434 0.3923611111111111 0.6240079365079365 0.38913690476190477 0.6474867724867724 0.388640873015873
2 0.3472222222222222 0.37797619047619047 0.3521825396825397 0.37971230158730157 0.3501984126984127 0.40128968253968256 0.3525132275132275 0.41121031746031744 0.3290343915343915 0.4476686507936508 0.31646825396825395 0.4593253968253968 0.30853174603174605 0.47867063492063494 0.3012566137566138 0.5719246031746031 0.3091931216931217 0.5959821428571429 0.31845238095238093 0.6059027777777778 0.31977513227513227 0.6128472222222222 0.2933201058201058 0.6656746031746031 0.2863756613756614 0.6612103174603174 0.2880291005291005 0.6428571428571429 0.2837301587301587 0.6240079365079365 0.28505291005291006 0.6116071428571429 0.296957671957672 0.5860615079365079 0.28935185185185186 0.5518353174603174 0.2919973544973545 0.527281746031746 0.29298941798941797 0.4603174603174603 0.30753968253968256 0.4365079365079365 0.32671957671957674 0.4117063492063492 0.3244047619047619 0.3871527777777778 0.32771164021164023 0.38095238095238093 0.33101851851851855 0.37896825396825395 0.3468915343915344 0.37797619047619047
2 0.37896825396825395 0.3725198412698413 0.4080687830687831 0.375 0.416005291005291 0.37996031746031744 0.4169973544973545 0.3975694444444444 0.4113756613756614 0.408234126984127 0.4126984126984127 0.4191468253968254 0.43915343915343913 0.4623015873015873 0.44543650793650796 0.47966269841269843 0.4398148148148148 0.5535714285714286 0.4408068783068783 0.5731646825396826 0.43187830687830686 0.5989583333333334 0.4074074074074074 0.6473214285714286 0.4070767195767196 0.6510416666666666 0.4169973544973545 0.6649305555555556 0.4146825396825397 0.6708829365079365 0.4113756613756614 0.667906746031746 0.39451058201058203 0.6703869047619048 0.3792989417989418 0.6681547619047619 0.3697089947089947 0.6693948412698413 0.3664021164021164 0.6716269841269841 0.3687169312169312 0.6743551587301587 0.41534391534391535 0.6721230158730159 0.421957671957672 0.6760912698412699 0.4255952380952381 0.6939484126984127 0.42294973544973546 0.7202380952380952 0.4183201058201058 0.7271825396825397 0.4183201058201058 0.7373511904761905 0.4041005291005291 0.748015873015873 0.37334656084656087 0.7465277777777778 0.36044973544973546 0.7552083333333334 0.3482142857142857 0.7569444444444444 0.3376322751322751 0.7557043650793651 0.3201058201058201 0.7457837301587301 0.29993386243386244 0.7447916666666666 0.2943121693121693 0.7410714285714286 0.29298941798941797 0.7371031746031746 0.30357142857142855 0.732390873015873 0.3287037037037037 0.7348710317460317 0.34656084656084657 0.7306547619047619 0.33564814814814814 0.7281746031746031 0.30224867724867727 0.7294146825396826 0.291005291005291 0.7274305555555556 0.2880291005291005 0.7177579365079365 0.2900132275132275 0.7080853174603174 0.31415343915343913 0.7073412698412699 0.31746031746031744 0.7046130952380952 0.32771164021164023 0.703125 0.2900132275132275 0.7028769841269841 0.28869047619047616 0.6917162698412699 0.291005291005291 0.6817956349206349 0.29894179894179895 0.671875 0.2953042328042328 0.6644345238095238 0.32175925925925924 0.6125992063492064 0.3091931216931217 0.5935019841269841 0.3019179894179894 0.5721726190476191 0.3098544973544973 0.4749503968253968 0.31845238095238093 0.45634920634920634 0.3290343915343915 0.4494047619047619 0.3531746031746032 0.41195436507936506 0.35185185185185186 0.39037698412698413 0.3544973544973545 0.3757440476190476 0.359457671957672 0.3725198412698413 0.37863756613756616 0.3725198412698413
2 0.5152116402116402 0.3812003968253968 0.5426587301587301 0.38318452380952384 0.5509259259259259 0.3871527777777778 0.5512566137566137 0.40476190476190477 0.5462962962962963 0.41393849206349204 0.5459656084656085 0.421875 0.5714285714285714 0.4697420634920635 0.5757275132275133 0.48288690476190477 0.5671296296296297 0.5778769841269841 0.558531746031746 0.5989583333333334 0.5396825396825397 0.6302083333333334 0.5512566137566137 0.6614583333333334 0.5482804232804233 0.6641865079365079 0.5333994708994709 0.6641865079365079 0.515542328042328 0.6671626984126984 0.5085978835978836 0.6646825396825397 0.49272486772486773 0.6661706349206349 0.43452380952380953 0.6654265873015873 0.4348544973544973 0.6609623015873016 0.45436507936507936 0.6267361111111112 0.44146825396825395 0.582093253968254 0.44907407407407407 0.4774305555555556 0.4556878306878307 0.46478174603174605 0.4914021164021164 0.4191468253968254 0.49272486772486773 0.40947420634920634 0.4904100529100529 0.40029761904761907 0.4933862433862434 0.3836805555555556 0.49834656084656087 0.38169642857142855 0.5148809523809523 0.3812003968253968
2 0.21235780423280423 0.5427182539682539 0.14693783068783067 0.41579365079365077
2 0.06791997354497355 0.5500868055555556 0.12922619047619047 0.45037202380952385