1 0.946759 0.246280 0.105820 0.097222
1 0.895999 0.564608 0.157738 0.287946
1 0.828704 0.093874 0.142196 0.187748
2 0.082011 0.123636 0.138228 0.247272
2 0.761078 0.598958 0.157738 0.374008
2 0.016700 0.072049 0.033399 0.144097
2 0.191799 0.205977 0.102513 0.093006
2 0.621693 0.589658 0.159392 0.370784
2 0.487103 0.579241 0.156746 0.366319
2 0.107373 0.455346 0.031901 0.169318
2 0.180661 0.467314 0.082381 0.171260
2 0.227108 0.465205 0.232192 0.185895
3 0.675149 0.145532 0.146206 0.285000
3 0.571519 0.139488 0.139800 0.278976
3 0.447760 0.137528 0.156839 0.275056