2 0.1283614232209738 0.3354909169550173 0.11627340823970038 0.1973659169550173
2 0.24530430711610487 0.33597318339100346 0.13480805243445693 0.18967776816608997
2 0.3470505617977528 0.3389749134948097 0.12762172284644197 0.19352076124567474
2 0.46973314606741573 0.3427833044982699 0.14826779026217227 0.19897491349480967
2 0.5810955056179775 0.33928849480968853 0.13691011235955056 0.1963083910034602
2 0.11078651685393258 0.6010899653979239 0.13730337078651683 0.22251081314878896
2 0.2391058052434457 0.6015808823529412 0.1364513108614232 0.23214100346020763
2 0.3675983146067416 0.5923810553633219 0.1499859550561798 0.20941608996539793
2 0.4944101123595505 0.592318339100346 0.12272003745318352 0.20496323529411764
2 0.6154962546816479 0.5805168685121107 0.11207397003745317 0.19001081314878893
2 0.752186329588015 0.6003481833910035 0.12328651685393258 0.2166976643598616
2 0.8749719101123595 0.5928135813148789 0.09731741573033709 0.21028114186851213