1 0.676257 0.106771 0.115079 0.203621
1 0.945271 0.571057 0.108796 0.304812
1 0.848380 0.571181 0.125331 0.311012
1 0.742890 0.570312 0.124008 0.318204
1 0.965112 0.144097 0.069114 0.185020
1 0.884921 0.131324 0.105820 0.192708
1 0.782573 0.118428 0.111442 0.198661
2 0.394511 0.532366 0.132275 0.271577
2 0.316111 0.466838 0.404663 0.211414
2 0.366761 0.453397 0.521729 0.218113
2 0.191538 0.470527 0.131739 0.154655
2 0.135463 0.468460 0.032989 0.187708
3 0.339707 0.222159 0.452278 0.134531
3 0.284762 0.215396 0.329028 0.132284
3 0.224459 0.205936 0.212364 0.128242