1 0.10516853932584269 0.38375000000000004 0.08548689138576779 0.174939446366782
1 0.19997191011235954 0.38355752595155707 0.11592696629213484 0.17887975778546714
1 0.31169943820224716 0.38695934256055364 0.10529962546816479 0.185685553633218
1 0.41368445692883893 0.3926665224913495 0.10327247191011237 0.1725886678200692
1 0.5110159176029963 0.395211937716263 0.09194288389513108 0.1776794982698962
1 0.6062687265917603 0.3971280276816609 0.09830992509363297 0.17141868512110725
3 0.7051732209737828 0.4006574394463668 0.08699906367041199 0.16261678200692042
3 0.7656741573033709 0.4001167820069204 0.045702247191011236 0.16009299307958477
3 0.8210955056179775 0.406753892733564 0.0597940074906367 0.15751081314878893
3 0.8908380149812734 0.4049978373702422 0.09003745318352059 0.15688148788927334
3 0.9697237827715356 0.401996107266436 0.06054775280898877 0.15808607266435987