1 0.739253 0.084821 0.129299 0.169643
1 0.609788 0.084697 0.134259 0.169395
1 0.080688 0.081597 0.133598 0.163194
1 0.384425 0.588046 0.135251 0.376488
1 0.195271 0.937872 0.159722 0.123760
1 0.344907 0.083457 0.129630 0.166915
1 0.252315 0.582837 0.143519 0.372024
1 0.662864 0.946429 0.149802 0.106647
1 0.217593 0.219618 0.125000 0.096478
1 0.521164 0.545511 0.134921 0.291419
1 0.354828 0.940848 0.158730 0.117808
1 0.512731 0.943576 0.153108 0.112351
1 0.475860 0.084077 0.130291 0.168155
1 0.444352 0.467670 0.488598 0.200786
2 0.127880 0.481844 0.027937 0.174804