2 0.22705992509363296 0.3871020761245675 0.1544943820224719 0.2854498269896194
2 0.37099719101123596 0.3795717993079585 0.13338014981273408 0.26822448096885815
2 0.5304213483146067 0.3904801038062284 0.13855805243445693 0.23597534602076126
2 0.6584878277153557 0.383185553633218 0.12784176029962546 0.22354887543252597
2 0.7858005617977528 0.3966846885813149 0.10624063670411986 0.21594723183391
2 0.4166760299625468 0.6879152249134948 0.16387640449438204 0.2649718858131488
2 0.5590215355805244 0.6837218858131489 0.13021535580524343 0.2544247404844291
2 0.6832256554307116 0.6790570934256055 0.12112827715355806 0.24076989619377162
2 0.8057209737827715 0.6748659169550173 0.11799157303370787 0.22806012110726642
2 0.9177059925093634 0.657943339100346 0.11257022471910112 0.2288213667820069
1 0.2658567415730337 0.6968360726643599 0.1525 0.25469939446366785
1 0.08440074906367041 0.67721669550173 0.1688061797752809 0.23492863321799307
1 0.07687265917602995 0.37473832179930794 0.1537453183520599 0.2542365916955017