1 0.377976 0.855035 0.097884 0.220982
1 0.530589 0.558532 0.090278 0.236607
1 0.175099 0.634797 0.083664 0.063244
1 0.351852 0.555556 0.093254 0.230655
1 0.581019 0.863839 0.097222 0.225694
1 0.286045 0.849950 0.107143 0.217758
1 0.621362 0.525794 0.087963 0.168651
1 0.439319 0.557788 0.088294 0.232143
1 0.478671 0.871032 0.099537 0.247024
1 0.260747 0.520213 0.090939 0.161954
2 0.343846 0.253181 0.409676 0.098266
2 0.263338 0.260148 0.311458 0.099293
2 0.215876 0.254901 0.171918 0.097604
2 0.167189 0.256870 0.040430 0.098919
3 0.084742 0.397898 0.001733 0.305156
3 0.032912 0.396861 0.018899 0.310409
2 0.137588 0.562029 0.084726 0.613284
2 0.086877 0.565208 0.009243 0.595193