1 0.04511704119850188 0.4271583044982699 0.09022940074906366 0.22715181660899653
1 0.16297284644194757 0.431632785467128 0.19017322097378275 0.23177768166089965
1 0.058759363295880156 0.7137586505190312 0.11751872659176031 0.20563148788927335
3 0.3118071161048689 0.42874134948096887 0.16948970037453182 0.2324826989619377
3 0.4548548689138577 0.4426038062283737 0.16064606741573034 0.2558823529411765
3 0.6040262172284644 0.44133001730103805 0.14063202247191012 0.25549956747404845
2 0.7702996254681648 0.45703719723183395 0.15483146067415732 0.2717733564013841
2 0.9201779026217228 0.44861159169550174 0.1596441947565543 0.2484364186851211
3 0.16239700374531835 0.7237218858131488 0.15157771535580525 0.20393382352941178
3 0.31128277153558054 0.7278849480968858 0.1544007490636704 0.20360726643598617
2 0.45747191011235955 0.7453416955017301 0.15183520599250935 0.21257136678200692
2 0.5925280898876405 0.7413905709342561 0.15041666666666667 0.20683174740484428
2 0.7410159176029962 0.7447037197231834 0.13840355805243446 0.20912846020761244