1 0.529101 0.480531 0.097884 0.187252
1 0.034888 0.465402 0.069775 0.182292
1 0.249669 0.857143 0.115741 0.272321
1 0.323909 0.499256 0.102844 0.233631
1 0.119709 0.467262 0.106481 0.183532
1 0.473876 0.852927 0.109127 0.248016
1 0.427579 0.515129 0.102513 0.263889
1 0.359788 0.847966 0.111772 0.248016
1 0.142692 0.839410 0.124008 0.247272
1 0.221230 0.470486 0.102513 0.185020
2 0.063161 0.095362 0.126323 0.190724
2 0.188161 0.095734 0.124339 0.191468
2 0.220693 0.215193 0.190294 0.143462
2 0.308738 0.211381 0.302444 0.134514