1 0.09959269662921348 0.3903589965397924 0.07122659176029962 0.1636483564013841
1 0.1938576779026217 0.3853157439446367 0.11306179775280899 0.16076989619377163
1 0.3034597378277154 0.3909710207612457 0.10130149812734082 0.17640354671280278
1 0.4091058052434457 0.3958607266435986 0.10107677902621723 0.1688840830449827
1 0.5141713483146068 0.3947967128027682 0.10761704119850188 0.1667560553633218
3 0.6153838951310862 0.4008910034602076 0.0915683520599251 0.1674113321799308
3 0.711750936329588 0.40142733564013844 0.09079119850187266 0.16271626297577854
3 0.7723829588014981 0.4015592560553633 0.059124531835205996 0.15432958477508651
3 0.8215074906367041 0.40550821799307957 0.05125468164794008 0.1492517301038062
3 0.8875795880149813 0.41053849480968857 0.08976123595505618 0.1564294982698962
3 0.9611423220973783 0.4094225778546713 0.07771535580524344 0.14842993079584776