1 0.04741573033707865 0.4241955017301038 0.0948314606741573 0.24069420415224915
1 0.14866573033707867 0.4264835640138408 0.17560861423220975 0.2495934256055363
3 0.3186563670411985 0.4180103806228374 0.15510767790262173 0.2412975778546713
3 0.4572612359550562 0.440030276816609 0.14673220973782772 0.2550583910034602
3 0.6031647940074906 0.42981617647058823 0.13891385767790262 0.2346323529411765
2 0.7501170411985019 0.44324610726643604 0.16595973782771536 0.25932958477508655
2 0.9049625468164794 0.4530168685121107 0.1900749063670412 0.2702184256055363
1 0.05838014981273408 0.7108304498269896 0.11675561797752808 0.201935553633218
3 0.16589419475655431 0.7191176470588235 0.158562734082397 0.2206725778546713
3 0.3052387640449438 0.7237564878892734 0.16103932584269665 0.2169766435986159
2 0.44595973782771536 0.7291457612456748 0.1522191011235955 0.2126167820069204
2 0.5881460674157303 0.737731401384083 0.1697378277153558 0.2189749134948097
2 0.7493820224719101 0.743851643598616 0.14577247191011236 0.20958910034602077