1 0.11701310861423221 0.3888927335640138 0.09669943820224719 0.17945501730103805
1 0.20760299625468165 0.3901621972318339 0.11558520599250936 0.17478806228373703
1 0.31952247191011235 0.3959493944636678 0.11157771535580525 0.1791522491349481
1 0.4225983146067416 0.39673010380622836 0.09925561797752809 0.17494809688581317
1 0.515941011235955 0.3979865916955017 0.08618913857677903 0.1688083910034602
1 0.6061985018726591 0.39761461937716264 0.09816947565543072 0.16950692041522492
3 0.7035955056179776 0.4002984429065744 0.09633426966292136 0.16766868512110725
3 0.76625 0.4037543252595156 0.05933520599250936 0.15295198961937717
3 0.8231273408239701 0.4062370242214533 0.05448970037453184 0.1478265570934256
3 0.8871114232209737 0.41103157439446364 0.07634363295880149 0.14876297577854672
3 0.9619241573033708 0.4087391868512111 0.07615636704119849 0.1542711937716263