1 0.718584656084656 0 0.7609126984126984 0 0.7619047619047619 0.002232142857142857 0.7652116402116402 0 0.7996031746031746 0 0.8154761904761905 0.025793650793650792 0.8214285714285714 0.03993055555555555 0.8240740740740741 0.05530753968253968 0.8177910052910053 0.14112103174603174 0.8141534391534392 0.1545138888888889 0.7966269841269841 0.15699404761904762 0.748015873015873 0.15773809523809523 0.7400793650793651 0.15600198412698413 0.7374338624338624 0.15128968253968253 0.7255291005291006 0.15773809523809523 0.6997354497354498 0.1579861111111111 0.689484126984127 0.15550595238095238 0.6865079365079365 0.13690476190476192 0.6911375661375662 0.046130952380952384 0.6964285714285714 0.03273809523809524 0.7083333333333334 0.019097222222222224 0.718584656084656 0.000248015873015873
1 0.5767195767195767 0 0.6200396825396826 0 0.6223544973544973 0.002232142857142857 0.6263227513227513 0.001736111111111111 0.6266534391534392 0 0.6686507936507936 0 0.683531746031746 0.03298611111111111 0.6875 0.05084325396825397 0.685515873015873 0.11681547619047619 0.6792328042328042 0.15426587301587302 0.6636904761904762 0.15823412698412698 0.6478174603174603 0.15947420634920634 0.5532407407407407 0.15823412698412698 0.5492724867724867 0.1535218253968254 0.546957671957672 0.13740079365079366 0.5519179894179894 0.05282738095238095 0.5555555555555556 0.038938492063492064 0.5625 0.02976190476190476 0.5767195767195767 0.000248015873015873
1 0.041666666666666664 0 0.1164021164021164 0 0.13822751322751323 0.046130952380952384 0.13855820105820105 0.1307043650793651 0.1421957671957672 0.15749007936507936 0.1335978835978836 0.16145833333333334 0.10284391534391535 0.16468253968253968 0.10052910052910052 0.16815476190476192 0.11210317460317461 0.17385912698412698 0.1335978835978836 0.17559523809523808 0.1402116402116402 0.18229166666666666 0.14186507936507936 0.19270833333333334 0.13988095238095238 0.19469246031746032 0.1345899470899471 0.19692460317460317 0.12632275132275134 0.19692460317460317 0.12301587301587301 0.19072420634920634 0.11607142857142858 0.19791666666666666 0.11276455026455026 0.1974206349206349 0.1087962962962963 0.20014880952380953 0.07374338624338625 0.20287698412698413 0.07407407407407407 0.20634920634920634 0.07903439153439154 0.20808531746031747 0.12665343915343916 0.21081349206349206 0.1292989417989418 0.21354166666666666 0.12896825396825398 0.2309027777777778 0.09259259259259259 0.2353670634920635 0.07407407407407407 0.2333829365079365 0.0710978835978836 0.23660714285714285 0.0744047619047619 0.24107142857142858 0.0916005291005291 0.2400793650793651 0.10482804232804233 0.2425595238095238 0.1335978835978836 0.24280753968253968 0.13690476190476192 0.24479166666666666 0.1402116402116402 0.2527281746031746 0.14087301587301587 0.2621527777777778 0.13558201058201058 0.26612103174603174 0.12731481481481483 0.2673611111111111 0.04497354497354497 0.2683531746031746 0.0291005291005291 0.267609126984127 0.02546296296296296 0.26537698412698413 0.023148148148148147 0.2509920634920635 0.025793650793650792 0.24330357142857142 0.03306878306878307 0.24057539682539683 0.049933862433862435 0.23983134920634921 0.051587301587301584 0.2378472222222222 0.046957671957671955 0.23363095238095238 0.03273809523809524 0.23363095238095238 0.02546296296296296 0.23115079365079366 0.026785714285714284 0.21453373015873015 0.03439153439153439 0.21006944444444445 0.05489417989417989 0.20858134920634921 0.0625 0.203125 0.054563492063492064 0.20014880952380953 0.03835978835978836 0.1996527777777778 0.032407407407407406 0.1974206349206349 0.026785714285714284 0.18204365079365079 0.027447089947089946 0.1753472222222222 0.05324074074074074 0.17311507936507936 0.09193121693121693 0.17336309523809523 0.09490740740740741 0.1684027777777778 0.09391534391534391 0.16468253968253968 0.08928571428571429 0.16294642857142858 0.028108465608465607 0.16344246031746032 0.023809523809523808 0.16220238095238096 0.0205026455026455 0.1579861111111111 0.01521164021164021 0.11631944444444445 0.014219576719576719 0.057291666666666664 0.022486772486772486 0.03273809523809524 0.041666666666666664 0.000248015873015873
1 0.36904761904761907 0.40401785714285715 0.4083994708994709 0.404265873015873 0.41865079365079366 0.4072420634920635 0.41964285714285715 0.4593253968253968 0.4341931216931217 0.48586309523809523 0.4441137566137566 0.498015873015873 0.4503968253968254 0.5126488095238095 0.453042328042328 0.5275297619047619 0.45171957671957674 0.6034226190476191 0.44543650793650796 0.6160714285714286 0.4437830687830688 0.6545138888888888 0.4298941798941799 0.6716269841269841 0.43253968253968256 0.6822916666666666 0.42757936507936506 0.6951884920634921 0.4289021164021164 0.6994047619047619 0.3958333333333333 0.7016369047619048 0.3723544973544973 0.699156746031746 0.3644179894179894 0.7023809523809523 0.3673941798941799 0.707093253968254 0.40575396825396826 0.7085813492063492 0.4312169312169312 0.7135416666666666 0.42824074074074076 0.7170138888888888 0.4322089947089947 0.71875 0.43386243386243384 0.7239583333333334 0.42824074074074076 0.7274305555555556 0.42757936507936506 0.7341269841269841 0.4123677248677249 0.7378472222222222 0.4246031746031746 0.7413194444444444 0.43915343915343913 0.7562003968253969 0.4401455026455027 0.7621527777777778 0.43584656084656087 0.7641369047619048 0.4252645502645503 0.7631448412698413 0.421957671957672 0.7646329365079365 0.4183201058201058 0.7767857142857143 0.4113756613756614 0.7862103174603174 0.40476190476190477 0.7904265873015873 0.39186507936507936 0.7916666666666666 0.37665343915343913 0.7899305555555556 0.3664021164021164 0.7797619047619048 0.35912698412698413 0.7802579365079365 0.34424603174603174 0.7854662698412699 0.3353174603174603 0.7854662698412699 0.32605820105820105 0.7800099206349206 0.32142857142857145 0.7723214285714286 0.3220899470899471 0.7683531746031746 0.33630952380952384 0.7621527777777778 0.3230820105820106 0.7549603174603174 0.32671957671957674 0.7423115079365079 0.3306878306878307 0.738343253968254 0.34325396825396826 0.734375 0.3330026455026455 0.7306547619047619 0.3306878306878307 0.7279265873015873 0.3326719576719577 0.7100694444444444 0.33630952380952384 0.7078373015873016 0.3488756613756614 0.707093253968254 0.3544973544973545 0.7048611111111112 0.35648148148148145 0.6996527777777778 0.33564814814814814 0.6961805555555556 0.335978835978836 0.671875 0.3326719576719577 0.644593253968254 0.32341269841269843 0.6128472222222222 0.31712962962962965 0.6056547619047619 0.3158068783068783 0.6001984126984127 0.3167989417989418 0.5372023809523809 0.3273809523809524 0.5124007936507936 0.33035714285714285 0.4937996031746032 0.3544973544973545 0.4573412698412698 0.35813492063492064 0.4412202380952381 0.35714285714285715 0.40749007936507936 0.35912698412698413 0.404265873015873 0.3687169312169312 0.40401785714285715
1 0.6908068783068783 0.40476190476190477 0.7053571428571429 0.40773809523809523 0.7093253968253969 0.41443452380952384 0.7093253968253969 0.4255952380952381 0.7003968253968254 0.43799603174603174 0.701058201058201 0.4593253968253968 0.7294973544973545 0.5004960317460317 0.7341269841269841 0.5153769841269841 0.7377645502645502 0.5215773809523809 0.7410714285714286 0.5200892857142857 0.7420634920634921 0.5248015873015873 0.7328042328042328 0.6277281746031746 0.7199074074074074 0.6696428571428571 0.7195767195767195 0.7098214285714286 0.7066798941798942 0.7127976190476191 0.6369047619047619 0.7113095238095238 0.6253306878306878 0.7083333333333334 0.6256613756613757 0.6748511904761905 0.6197089947089947 0.6688988095238095 0.6193783068783069 0.6649305555555556 0.6107804232804233 0.6614583333333334 0.605489417989418 0.654265873015873 0.6087962962962963 0.6438492063492064 0.603505291005291 0.6401289682539683 0.5988756613756614 0.6170634920634921 0.5988756613756614 0.5148809523809523 0.6160714285714286 0.486359126984127 0.6319444444444444 0.46726190476190477 0.638558201058201 0.45337301587301587 0.640542328042328 0.4412202380952381 0.6362433862433863 0.4253472222222222 0.6392195767195767 0.4079861111111111 0.644510582010582 0.4055059523809524 0.656415343915344 0.4045138888888889 0.6904761904761905 0.40476190476190477
1 0.17096560846560846 0.890625 0.25165343915343913 0.8970734126984127 0.26355820105820105 0.9010416666666666 0.2708333333333333 0.9216269841269841 0.26951058201058203 0.9466765873015873 0.27380952380952384 0.9734623015873016 0.27314814814814814 0.9997519841269841 0.23941798941798942 0.9997519841269841 0.23809523809523808 0.9972718253968254 0.22685185185185186 0.9975198412698413 0.22552910052910052 0.9997519841269841 0.18253968253968253 0.9997519841269841 0.1822089947089947 0.998015873015873 0.18121693121693122 0.9997519841269841 0.11805555555555555 0.9997519841269841 0.11408730158730158 0.9446924603174603 0.11937830687830688 0.9226190476190477 0.13326719576719576 0.9010416666666666 0.14285714285714285 0.8916170634920635 0.1474867724867725 0.8898809523809523 0.17063492063492064 0.890625
1 0.3002645502645503 0 0.38293650793650796 0 0.39715608465608465 0.030753968253968252 0.4054232804232804 0.043154761904761904 0.40906084656084657 0.06398809523809523 0.4080687830687831 0.14484126984126985 0.4037698412698413 0.1579861111111111 0.38392857142857145 0.16145833333333334 0.3425925925925926 0.15997023809523808 0.2926587301587302 0.16121031746031747 0.2837301587301587 0.15749007936507936 0.27976190476190477 0.15426587301587302 0.2761243386243386 0.13764880952380953 0.2757936507936508 0.05431547619047619 0.2843915343915344 0.028769841269841268 0.3002645502645503 0.000248015873015873
1 0.23247354497354497 0.40054563492063494 0.2757936507936508 0.4017857142857143 0.2810846560846561 0.40401785714285715 0.28174603174603174 0.4208829365079365 0.27843915343915343 0.43898809523809523 0.2833994708994709 0.4603174603174603 0.294973544973545 0.4801587301587302 0.3055555555555556 0.48487103174603174 0.310515873015873 0.4955357142857143 0.32142857142857145 0.5079365079365079 0.31977513227513227 0.519593253968254 0.31316137566137564 0.5329861111111112 0.3125 0.6026785714285714 0.3210978835978836 0.6217757936507936 0.32275132275132273 0.6346726190476191 0.328042328042328 0.6440972222222222 0.328042328042328 0.6753472222222222 0.3306878306878307 0.685515873015873 0.32407407407407407 0.6932043650793651 0.2953042328042328 0.6961805555555556 0.23809523809523808 0.6939484126984127 0.22321428571428573 0.6959325396825397 0.19642857142857142 0.6922123015873016 0.19444444444444445 0.689484126984127 0.19477513227513227 0.6530257936507936 0.1789021164021164 0.6227678571428571 0.17923280423280424 0.5153769841269841 0.210978835978836 0.4642857142857143 0.21957671957671956 0.4461805555555556 0.21924603174603174 0.4283234126984127 0.2156084656084656 0.41964285714285715 0.21693121693121692 0.40401785714285715 0.22023809523809523 0.4010416666666667 0.23214285714285715 0.40054563492063494
1 0.16633597883597884 0 0.24636243386243387 0 0.2526455026455027 0.017609126984126984 0.2705026455026455 0.04662698412698413 0.2744708994708995 0.10218253968253968 0.273478835978836 0.12698412698412698 0.2671957671957672 0.14384920634920634 0.26587301587301587 0.15773809523809523 0.25892857142857145 0.16046626984126985 0.24173280423280424 0.16220238095238096 0.23809523809523808 0.16468253968253968 0.23941798941798942 0.1701388888888889 0.24933862433862433 0.1753472222222222 0.24768518518518517 0.19593253968253968 0.23743386243386244 0.20014880952380953 0.22288359788359788 0.19940476190476192 0.21329365079365079 0.20064484126984128 0.210978835978836 0.20287698412698413 0.21296296296296297 0.20709325396825398 0.23214285714285715 0.20709325396825398 0.24503968253968253 0.20982142857142858 0.2526455026455027 0.2197420634920635 0.2552910052910053 0.22743055555555555 0.24966931216931218 0.23189484126984128 0.23776455026455026 0.23635912698412698 0.22585978835978837 0.2333829365079365 0.2013888888888889 0.23363095238095238 0.1974206349206349 0.23660714285714285 0.19940476190476192 0.23983134920634921 0.20601851851851852 0.24107142857142858 0.23115079365079366 0.2418154761904762 0.23776455026455026 0.23983134920634921 0.26322751322751325 0.2425595238095238 0.26587301587301587 0.24454365079365079 0.26455026455026454 0.2517361111111111 0.26785714285714285 0.2621527777777778 0.26455026455026454 0.265625 0.25396825396825395 0.267609126984127 0.1703042328042328 0.26860119047619047 0.15773809523809523 0.267609126984127 0.1541005291005291 0.265625 0.1527777777777778 0.2517361111111111 0.15575396825396826 0.24280753968253968 0.1765873015873016 0.23809523809523808 0.17328042328042328 0.23462301587301587 0.1574074074074074 0.234375 0.14914021164021163 0.2309027777777778 0.1541005291005291 0.21552579365079366 0.16302910052910052 0.20858134920634921 0.16633597883597884 0.203125 0.16005291005291006 0.1932043650793651 0.16038359788359788 0.1753472222222222 0.16468253968253968 0.17311507936507936 0.1865079365079365 0.1728670634920635 0.19576719576719576 0.17063492063492064 0.23115079365079366 0.171875 0.23445767195767195 0.1684027777777778 0.23412698412698413 0.16468253968253968 0.23115079365079366 0.1626984126984127 0.16534391534391535 0.16319444444444445 0.15443121693121692 0.16170634920634921 0.1498015873015873 0.1579861111111111 0.14285714285714285 0.12748015873015872 0.1412037037037037 0.05704365079365079 0.14914021164021163 0.029017857142857144 0.16633597883597884 0.000248015873015873
1 0.5363756613756614 0.40302579365079366 0.5565476190476191 0.40500992063492064 0.5608465608465608 0.40773809523809523 0.5618386243386243 0.42584325396825395 0.5555555555555556 0.4357638888888889 0.5562169312169312 0.44990079365079366 0.5628306878306878 0.46750992063492064 0.591931216931217 0.5119047619047619 0.5942460317460317 0.5215773809523809 0.5932539682539683 0.6066468253968254 0.58994708994709 0.6138392857142857 0.5816798941798942 0.6200396825396826 0.5704365079365079 0.6574900793650794 0.5684523809523809 0.703125 0.5648148148148148 0.7065972222222222 0.5555555555555556 0.7078373015873016 0.5476190476190477 0.7063492063492064 0.5363756613756614 0.7073412698412699 0.5231481481481481 0.7048611111111112 0.49074074074074076 0.705109126984127 0.47784391534391535 0.7008928571428571 0.47784391534391535 0.6773313492063492 0.4689153439153439 0.6713789682539683 0.4642857142857143 0.6547619047619048 0.4666005291005291 0.6423611111111112 0.4652777777777778 0.6195436507936508 0.4566798941798942 0.6108630952380952 0.455026455026455 0.6061507936507936 0.45634920634920634 0.5374503968253969 0.4666005291005291 0.5017361111111112 0.49007936507936506 0.46899801587301587 0.49834656084656087 0.4494047619047619 0.49966931216931215 0.4399801587301587 0.49503968253968256 0.4253472222222222 0.49636243386243384 0.40773809523809523 0.5042989417989417 0.40401785714285715 0.5360449735449735 0.40302579365079366
1 0.43816137566137564 0 0.4626322751322751 0 0.4662698412698413 0.002232142857142857 0.4771825396825397 0.001984126984126984 0.47784391534391535 0 0.5201719576719577 0 0.5406746031746031 0.04141865079365079 0.5443121693121693 0.05679563492063492 0.5423280423280423 0.1416170634920635 0.5393518518518519 0.1545138888888889 0.5360449735449735 0.15674603174603174 0.5191798941798942 0.15997023809523808 0.4341931216931217 0.16021825396825398 0.41898148148148145 0.15823412698412698 0.4146825396825397 0.15203373015873015 0.4107142857142857 0.11607142857142858 0.4123677248677249 0.05381944444444445 0.41633597883597884 0.03869047619047619 0.42294973544973546 0.030257936507936508 0.43816137566137564 0.000248015873015873
2 0.11223214285714285 0.5837425595238096 0.14510251322751325 0.40359623015873014