1 0.911376 0.105407 0.118386 0.203869
1 0.794808 0.100818 0.120040 0.201637
1 0.883433 0.589782 0.145833 0.348710
1 0.966104 0.592138 0.067130 0.343502
1 0.761409 0.586558 0.138558 0.351190
1 0.981316 0.120288 0.036706 0.185516
1 0.674603 0.142485 0.125000 0.284970
2 0.380107 0.484483 0.521346 0.212845
2 0.319555 0.483669 0.385427 0.201208
2 0.255270 0.483776 0.240394 0.197656
2 0.188274 0.482289 0.087890 0.181250
2 0.114831 0.486708 0.048717 0.159169
3 0.333856 0.217842 0.443770 0.137877
3 0.281688 0.215580 0.308694 0.141270
3 0.214006 0.207925 0.190499 0.136168