1 0.944114 0.097346 0.111111 0.194692
1 0.898148 0.601687 0.177910 0.320437
1 0.822751 0.094866 0.152778 0.189732
2 0.079861 0.116195 0.137897 0.232391
2 0.746362 0.587426 0.173280 0.315228
2 0.019345 0.082217 0.038690 0.164435
2 0.198082 0.104663 0.134259 0.209325
2 0.602348 0.573661 0.162368 0.307540
2 0.463459 0.560144 0.155754 0.300347
2 0.222756 0.476762 0.204382 0.209779
2 0.187522 0.569945 0.185885 0.383989
2 0.075654 0.551774 0.147293 0.372588
3 0.409210 0.223079 0.562209 0.141322
3 0.339777 0.220791 0.440837 0.137331
3 0.274974 0.221357 0.309802 0.147569