1 0.054405430711610483 0.424586937716263 0.10881086142322097 0.24652249134948098
1 0.14714419475655433 0.42990916955017305 0.18504681647940074 0.24274653979238756
3 0.31549157303370784 0.42233564013840835 0.14720973782771535 0.22759948096885815
3 0.4533707865168539 0.4357028546712803 0.17015917602996253 0.24136029411764706
3 0.6066947565543072 0.43042603806228374 0.1553370786516854 0.23224697231833913
2 0.7585112359550562 0.444264705882353 0.1624625468164794 0.25848399653979237
2 0.9112406367041199 0.4444009515570934 0.15580992509363295 0.2573140138408304
1 0.053806179775280905 0.7066003460207613 0.10761235955056181 0.200685553633218
3 0.16813202247191011 0.7136937716262975 0.1646067415730337 0.21199178200692043
3 0.31014513108614233 0.7194204152249135 0.1614934456928839 0.20758434256055364
2 0.44523408239700374 0.7256833910034602 0.1507631086142322 0.21290008650519032
2 0.5829728464419476 0.7349848615916955 0.14535112359550564 0.21564446366782006
2 0.7264513108614232 0.7425843425605536 0.15140449438202247 0.2034515570934256