1 0.11615636704119851 0.3922469723183391 0.08873595505617977 0.17174956747404843
1 0.2114559925093633 0.38830882352941176 0.11080524344569288 0.17684904844290658
1 0.32049625468164794 0.39070717993079584 0.11352996254681648 0.1758801903114187
1 0.42482209737827714 0.39483347750865055 0.09745318352059924 0.1783628892733564
1 0.5202059925093633 0.40253676470588234 0.0978370786516854 0.16637975778546713
1 0.6097846441947565 0.3981444636678201 0.08661048689138577 0.15903546712802769
3 0.7051498127340824 0.3999416089965398 0.09943820224719101 0.16839532871972318
3 0.7764091760299626 0.4055276816608997 0.06093632958801498 0.16370674740484428
3 0.8347846441947565 0.4060315743944637 0.049719101123595504 0.15173875432525952
3 0.9032350187265917 0.4087391868512111 0.07426029962546817 0.158598615916955
3 0.9681647940074907 0.40320934256055363 0.06367041198501873 0.16051254325259517