1 0.04961142322097378 0.41951340830449824 0.0992181647940075 0.2443057958477509
1 0.16253277153558054 0.4212694636678201 0.18461610486891383 0.22835207612456748
3 0.32311797752808985 0.41365268166089963 0.15933988764044946 0.2347469723183391
3 0.45780898876404497 0.43693987889273356 0.16655430711610486 0.24887975778546712
3 0.6073876404494383 0.4334926470588235 0.14736423220973782 0.2463127162629758
2 0.7520365168539326 0.43901600346020764 0.17916666666666667 0.25951989619377164
2 0.9248595505617978 0.4460856401384083 0.1502808988764045 0.258518598615917
1 0.0651310861423221 0.7037262110726644 0.1302621722846442 0.2050324394463668
3 0.17561797752808989 0.7122772491349482 0.14992041198501874 0.1983455882352941
3 0.31309925093632957 0.7152335640138408 0.15335205992509363 0.20641652249134948
2 0.44949438202247194 0.7249978373702421 0.15460205992509365 0.21297361591695502
2 0.5869101123595506 0.7341630622837371 0.1438623595505618 0.203185553633218
2 0.7292837078651685 0.7371366782006921 0.14302902621722846 0.20697015570934255