1 0.9808201058201058 0.6297123015873016 0.9771825396825397 0.6292162698412699 0.9702380952380952 0.6324404761904762 0.8928571428571429 0.6336805555555556 0.8971560846560847 0.6381448412698413 0.9107142857142857 0.6401289682539683 0.9259259259259259 0.6393849206349206 0.9289021164021164 0.6356646825396826 0.9332010582010583 0.640625 0.9606481481481481 0.638640873015873 0.9715608465608465 0.6418650793650794 0.9722222222222222 0.6512896825396826 0.9748677248677249 0.6545138888888888 0.9629629629629629 0.6609623015873016 0.9659391534391535 0.6676587301587301 0.9632936507936508 0.6750992063492064 0.957010582010582 0.6795634920634921 0.9262566137566137 0.6817956349206349 0.9275793650793651 0.6860119047619048 0.9424603174603174 0.6857638888888888 0.9460978835978836 0.6884920634920635 0.9391534391534392 0.6937003968253969 0.9265873015873016 0.6961805555555556 0.917989417989418 0.6941964285714286 0.9103835978835979 0.6892361111111112 0.9126984126984127 0.6822916666666666 0.91005291005291 0.6812996031746031 0.8726851851851852 0.6810515873015873 0.8644179894179894 0.6830357142857143 0.8541666666666666 0.6793154761904762 0.8492063492063492 0.6716269841269841 0.8498677248677249 0.6684027777777778 0.8584656084656085 0.6622023809523809 0.8677248677248677 0.6612103174603174 0.8488756613756614 0.6579861111111112 0.845568783068783 0.6500496031746031 0.8495370370370371 0.6485615079365079 0.8501984126984127 0.6440972222222222 0.8697089947089947 0.642609126984127 0.8816137566137566 0.636656746031746 0.8799603174603174 0.6334325396825397 0.8485449735449735 0.6321924603174603 0.8442460317460317 0.6302083333333334 0.8445767195767195 0.6232638888888888 0.8521825396825397 0.6034226190476191 0.8660714285714286 0.5848214285714286 0.876984126984127 0.5778769841269841 0.8842592592592593 0.5696924603174603 0.9021164021164021 0.5424107142857143 0.9308862433862434 0.4779265873015873 0.9315476190476191 0.4357638888888889 0.9563492063492064 0.41790674603174605 0.9646164021164021 0.4146825396825397 0.9907407407407407 0.39087301587301587 0.998015873015873 0.38665674603174605 0.9996693121693122 0.5910218253968254 0.9940476190476191 0.6021825396825397 0.9923941798941799 0.6148313492063492 0.986441798941799 0.6178075396825397 0.9808201058201058 0.6294642857142857
1 0.9811507936507936 0.7941468253968254 0.9914021164021164 0.7953869047619048 0.9927248677248677 0.8000992063492064 0.9818121693121693 0.814484126984127 0.9566798941798942 0.8601190476190477 0.9341931216931217 0.8836805555555556 0.9328703703703703 0.8973214285714286 0.921957671957672 0.9112103174603174 0.9057539682539683 0.9136904761904762 0.8941798941798942 0.9134424603174603 0.8898809523809523 0.9114583333333334 0.8802910052910053 0.9144345238095238 0.8601190476190477 0.9161706349206349 0.8177910052910053 0.9144345238095238 0.8134920634920635 0.9007936507936508 0.8369708994708994 0.8695436507936508 0.8498677248677249 0.8452380952380952 0.8531746031746031 0.8318452380952381 0.8640873015873016 0.8162202380952381 0.8693783068783069 0.8005952380952381 0.8736772486772487 0.7983630952380952 0.9074074074074074 0.794890873015873 0.9808201058201058 0.7941468253968254
1 0.6838624338624338 0.8018353174603174 0.7268518518518519 0.8033234126984127 0.728505291005291 0.8080357142857143 0.72255291005291 0.8179563492063492 0.7073412698412699 0.863343253968254 0.6921296296296297 0.8869047619047619 0.689484126984127 0.9087301587301587 0.683531746031746 0.921875 0.6775793650793651 0.9241071428571429 0.6507936507936508 0.9265873015873016 0.5787037037037037 0.9303075396825397 0.5714285714285714 0.9293154761904762 0.5641534391534392 0.9193948412698413 0.5615079365079365 0.9069940476190477 0.5618386243386243 0.8898809523809523 0.5671296296296297 0.8695436507936508 0.5763888888888888 0.8484623015873016 0.5787037037037037 0.8253968253968254 0.5873015873015873 0.8072916666666666 0.6144179894179894 0.8040674603174603 0.683531746031746 0.8018353174603174
1 0.9672619047619048 0.8478422619047619 0.06547619047619048 0.10342261904761904
1 0.845568783068783 0.7971230158730159 0.8634259259259259 0.7991071428571429 0.8650793650793651 0.8077876984126984 0.8363095238095238 0.8675595238095238 0.810515873015873 0.8973214285714286 0.8128306878306878 0.9149305555555556 0.7933201058201058 0.921875 0.794973544973545 0.9255952380952381 0.8002645502645502 0.9246031746031746 0.8012566137566137 0.9288194444444444 0.792989417989418 0.9332837301587301 0.7314814814814815 0.9367559523809523 0.7103174603174603 0.9360119047619048 0.7063492063492064 0.9322916666666666 0.7096560846560847 0.9298115079365079 0.7632275132275133 0.9283234126984127 0.7896825396825397 0.9253472222222222 0.7896825396825397 0.9213789682539683 0.7867063492063492 0.9193948412698413 0.7060185185185185 0.9236111111111112 0.7000661375661376 0.9211309523809523 0.6957671957671958 0.9146825396825397 0.6931216931216931 0.8940972222222222 0.7116402116402116 0.8581349206349206 0.7238756613756614 0.8206845238095238 0.7314814814814815 0.8065476190476191 0.7367724867724867 0.8033234126984127 0.7549603174603174 0.800843253968254 0.8452380952380952 0.7971230158730159
1 0.8766534391534392 0.3308531746031746 0.904431216931217 0.33110119047619047 0.9292328042328042 0.3350694444444444 0.9322089947089947 0.34499007936507936 0.9315476190476191 0.3697916666666667 0.9292328042328042 0.375 0.917989417989418 0.3802083333333333 0.9140211640211641 0.39360119047619047 0.9203042328042328 0.42857142857142855 0.9262566137566137 0.44345238095238093 0.9279100529100529 0.4749503968253968 0.9031084656084656 0.5376984126984127 0.8796296296296297 0.5756448412698413 0.8680555555555556 0.5815972222222222 0.8587962962962963 0.5920138888888888 0.8578042328042328 0.5974702380952381 0.8521825396825397 0.6024305555555556 0.8482142857142857 0.6148313492063492 0.8442460317460317 0.6195436507936508 0.843915343915344 0.6302083333333334 0.8316798941798942 0.6378968253968254 0.828042328042328 0.6346726190476191 0.8128306878306878 0.6331845238095238 0.7966269841269841 0.6329365079365079 0.7853835978835979 0.6349206349206349 0.7301587301587301 0.6339285714285714 0.7238756613756614 0.6307043650793651 0.72255291005291 0.6192956349206349 0.7314814814814815 0.609375 0.7298280423280423 0.6024305555555556 0.7374338624338624 0.5935019841269841 0.736441798941799 0.5850694444444444 0.7526455026455027 0.5627480158730159 0.7628968253968254 0.5426587301587301 0.7678571428571429 0.5153769841269841 0.7738095238095238 0.5052083333333334 0.7903439153439153 0.4568452380952381 0.7900132275132276 0.435515873015873 0.7919973544973545 0.4310515873015873 0.7992724867724867 0.42137896825396826 0.8465608465608465 0.38392857142857145 0.8544973544973545 0.3697916666666667 0.8508597883597884 0.3568948412698413 0.8551587301587301 0.3454861111111111 0.8657407407407407 0.3315972222222222 0.8763227513227513 0.3308531746031746
2 0.3759920634920635 0.30952380952380953 0.4173280423280423 0.31101190476190477 0.43353174603174605 0.31299603174603174 0.439484126984127 0.31646825396825395 0.44146825396825395 0.3492063492063492 0.43716931216931215 0.3621031746031746 0.43783068783068785 0.3697916666666667 0.4636243386243386 0.40848214285714285 0.4748677248677249 0.4384920634920635 0.4646164021164021 0.5364583333333334 0.45436507936507936 0.560515873015873 0.4322089947089947 0.5967261904761905 0.4417989417989418 0.6125992063492064 0.4480820105820106 0.6334325396825397 0.4441137566137566 0.636656746031746 0.4064153439153439 0.6361607142857143 0.3974867724867725 0.6376488095238095 0.33134920634920634 0.6374007936507936 0.31084656084656087 0.6364087301587301 0.3082010582010582 0.6336805555555556 0.3101851851851852 0.6197916666666666 0.31977513227513227 0.5947420634920635 0.3343253968253968 0.5709325396825397 0.333994708994709 0.5672123015873016 0.32076719576719576 0.5496031746031746 0.31316137566137564 0.5302579365079365 0.31415343915343913 0.4310515873015873 0.32043650793650796 0.41443452380952384 0.3296957671957672 0.4000496031746032 0.36044973544973546 0.36607142857142855 0.3630952380952381 0.35813492063492064 0.35912698412698413 0.3427579365079365 0.3611111111111111 0.31721230158730157 0.36607142857142855 0.3100198412698413 0.37566137566137564 0.30952380952380953
2 0.5552248677248677 0.31721230158730157 0.6021825396825397 0.3187003968253968 0.6140873015873016 0.32217261904761907 0.6134259259259259 0.3529265873015873 0.6051587301587301 0.36235119047619047 0.6041666666666666 0.37028769841269843 0.6273148148148148 0.4181547619047619 0.6322751322751323 0.4357638888888889 0.6316137566137566 0.4513888888888889 0.6121031746031746 0.5260416666666666 0.6097883597883598 0.542906746031746 0.5962301587301587 0.5647321428571429 0.5734126984126984 0.5882936507936508 0.5846560846560847 0.6160714285714286 0.5836640211640212 0.6334325396825397 0.5790343915343915 0.6351686507936508 0.5300925925925926 0.6364087301587301 0.45634920634920634 0.6361607142857143 0.45271164021164023 0.6349206349206349 0.45205026455026454 0.6294642857142857 0.4540343915343915 0.6195436507936508 0.4626322751322751 0.6024305555555556 0.4834656084656085 0.5768849206349206 0.4718915343915344 0.550843253968254 0.4689153439153439 0.5367063492063492 0.4798280423280423 0.43601190476190477 0.4851190476190476 0.42137896825396826 0.49272486772486773 0.40947420634920634 0.531415343915344 0.3715277777777778 0.5380291005291006 0.3618551587301587 0.5393518518518519 0.3559027777777778 0.5353835978835979 0.3444940476190476 0.5403439153439153 0.32142857142857145 0.5459656084656085 0.31721230158730157 0.5548941798941799 0.31721230158730157
2 0.7043485449735449 0.5162351190476191 0.13843915343915345 0.38196676587301587
2 0.21604166666666666 0.5003893849206349 0.19245039682539683 0.38685515873015874
2 0.08138227513227513 0.5008730158730159 0.16276785714285713 0.4069072420634921
2 0.5022321428571429 0.8799131944444444 0.13944775132275133 0.13723958333333333
2 0.3611309523809524 0.8836979166666667 0.13289351851851852 0.14480654761904763
2 0.21058201058201056 0.8840873015873015 0.17272486772486775 0.13878720238095238
2 0.06886574074074074 0.8852132936507936 0.13410383597883596 0.12743551587301588