2 0.5958520599250936 0.3497967128027682 0.13365636704119851 0.18921280276816607
2 0.4809691011235955 0.35102292387543255 0.14733614232209738 0.19383001730103805
2 0.3562078651685393 0.3562867647058824 0.12252808988764047 0.18921712802768167
2 0.24758426966292135 0.3453481833910035 0.1393632958801498 0.19978157439446367
2 0.13347846441947567 0.3484537197231834 0.13586610486891385 0.19733996539792387
2 0.12499063670411986 0.6072815743944637 0.12357677902621722 0.22191392733564017
2 0.2514279026217228 0.5990376297577854 0.14705056179775283 0.2205666089965398
2 0.38271535580524346 0.603345588235294 0.1287265917602996 0.21620891003460208
2 0.5078511235955057 0.6011072664359861 0.12618445692883895 0.21389273356401384
2 0.6194007490636704 0.5910769896193772 0.13860955056179775 0.20464749134948096
2 0.7518211610486892 0.6023572664359862 0.1412827715355805 0.21639489619377164
2 0.8796207865168539 0.6071539792387544 0.12066011235955057 0.21517301038062284