1 0.11396067415730336 0.38730968858131487 0.08435393258426967 0.16908520761245674
1 0.20705992509363294 0.3879974048442906 0.10824906367041198 0.17478157439446368
1 0.3172565543071161 0.38625 0.1008005617977528 0.17849913494809688
1 0.4185205992509363 0.3927962802768166 0.10670880149812735 0.1757309688581315
1 0.5180337078651686 0.3960748269896194 0.0872565543071161 0.17219290657439448
1 0.6070505617977529 0.3932417820069204 0.08114232209737827 0.16508650519031143
3 0.7066713483146068 0.3937759515570934 0.09935861423220974 0.16759731833910035
3 0.7746676029962547 0.40130406574394467 0.044962546816479404 0.1653546712802768
3 0.824124531835206 0.4006812283737024 0.05024812734082397 0.16266652249134947
3 0.8879962546816479 0.40340181660899654 0.09059925093632959 0.15801254325259514
3 0.9627013108614232 0.4014987024221453 0.07459269662921349 0.1527660034602076