2 0.21888108614232207 0.37969939446366785 0.18027153558052433 0.26631920415224913
2 0.3735065543071161 0.3752249134948097 0.12904026217228465 0.2357439446366782
2 0.5192041198501872 0.38286115916955016 0.1488998127340824 0.23155276816608997
2 0.6529775280898876 0.3843533737024221 0.12617509363295878 0.23237240484429067
2 0.7804213483146067 0.39225778546712803 0.12357677902621722 0.23088235294117646
1 0.07396067415730337 0.3689532871972318 0.14792134831460674 0.24482482698961935
1 0.08263108614232209 0.6684407439446367 0.15590355805243444 0.23826557093425604
1 0.2590215355805243 0.6858217993079584 0.19032771535580525 0.26221453287197233
2 0.41732677902621723 0.6825735294117646 0.14644662921348314 0.24706747404844293
2 0.5617930711610487 0.6795934256055364 0.13107677902621723 0.24110726643598618
2 0.6899625468164794 0.6729087370242215 0.1299250936329588 0.22990268166089964
2 0.8173642322097379 0.6663970588235294 0.12255617977528088 0.22336288927335637
2 0.9347003745318352 0.6611375432525951 0.1091058052434457 0.22582179930795848