1 0.04829119850187266 0.4194204152249135 0.09190543071161049 0.2376319204152249
1 0.15620318352059925 0.41879108996539793 0.19536516853932584 0.2406985294117647
3 0.3037406367041198 0.4168382352941177 0.1674063670411985 0.2216522491349481
1 0.06315074906367041 0.7089143598615917 0.1263061797752809 0.2132439446366782
3 0.4541151685393258 0.43479887543252593 0.15916666666666668 0.24243512110726642
3 0.6040028089887641 0.43463884083044985 0.1546301498127341 0.24427551903114186
3 0.17657303370786517 0.7188840830449826 0.15651685393258427 0.21588235294117647
3 0.31162921348314604 0.7145912629757786 0.14573501872659178 0.2116219723183391
2 0.4555758426966292 0.724526384083045 0.15272003745318352 0.20554282006920413
2 0.5962265917602996 0.7331033737024221 0.13907771535580524 0.2140462802768166
2 0.7340823970037453 0.737621107266436 0.12453183520599251 0.2165916955017301
2 0.7569335205992509 0.4453135813148789 0.16554775280898876 0.25481401384083047
2 0.9213483146067416 0.44160034602076126 0.15730337078651685 0.26901600346020765