2 0.23276685393258426 0.3718620242214533 0.16122659176029963 0.24631920415224914
2 0.3732724719101123 0.3784018166089965 0.14261704119850188 0.250746107266436
2 0.5293398876404495 0.38475129757785465 0.14576310861423222 0.23965830449826991
2 0.6560955056179776 0.3920090830449827 0.13241104868913858 0.22389489619377162
2 0.7840028089887641 0.38939230103806227 0.11669475655430711 0.22514922145328717
2 0.4209456928838951 0.691401384083045 0.12559925093632957 0.26256055363321795
2 0.5486985018726591 0.6783520761245674 0.12829588014981275 0.2516414359861592
2 0.699742509363296 0.6723226643598617 0.14012172284644195 0.2395826124567474
2 0.8231179775280899 0.6751167820069204 0.09193352059925095 0.24517084775086506
2 0.9330524344569289 0.6619852941176471 0.13389513108614232 0.22972534602076125
1 0.26938670411985016 0.686340830449827 0.17360486891385768 0.2459948096885813
1 0.10051498127340823 0.6754649653979239 0.121437265917603 0.24802984429065747
1 0.08131554307116105 0.37631271626297574 0.13922284644194757 0.27040441176470587