1 0.8379629629629629 0.41393849206349204 0.8591269841269841 0.41691468253968256 0.8627645502645502 0.4208829365079365 0.8627645502645502 0.44642857142857145 0.8551587301587301 0.455109126984127 0.8558201058201058 0.4774305555555556 0.861441798941799 0.49255952380952384 0.8842592592592593 0.5339781746031746 0.8878968253968254 0.5600198412698413 0.8875661375661376 0.5900297619047619 0.8779761904761905 0.6532738095238095 0.8816137566137566 0.6721230158730159 0.8766534391534392 0.689484126984127 0.8716931216931217 0.6954365079365079 0.8743386243386243 0.7028769841269841 0.8687169312169312 0.7065972222222222 0.8673941798941799 0.7120535714285714 0.8644179894179894 0.7549603174603174 0.859457671957672 0.7621527777777778 0.8528439153439153 0.7626488095238095 0.808531746031746 0.7601686507936508 0.7900132275132276 0.7557043650793651 0.7367724867724867 0.7495039682539683 0.7142857142857143 0.7445436507936508 0.7080026455026455 0.7413194444444444 0.7182539682539683 0.7016369047619048 0.7109788359788359 0.6865079365079365 0.7103174603174603 0.6716269841269841 0.7063492063492064 0.6629464285714286 0.7152777777777778 0.6272321428571429 0.7238756613756614 0.5421626984126984 0.7371031746031746 0.5213293650793651 0.7705026455026455 0.4853670634920635 0.7817460317460317 0.46850198412698413 0.7876984126984127 0.44742063492063494 0.7820767195767195 0.43898809523809523 0.7896825396825397 0.4154265873015873 0.8019179894179894 0.4126984126984127 0.8376322751322751 0.41393849206349204
1 0.9854497354497355 0.42237103174603174 0.9996693121693122 0.4226190476190476 0.9996693121693122 0.5252976190476191 0.9976851851851852 0.5257936507936508 0.9996693121693122 0.5265376984126984 0.9996693121693122 0.7326388888888888 0.9963624338624338 0.7375992063492064 0.9996693121693122 0.7400793650793651 0.9996693121693122 0.777281746031746 0.9947089947089947 0.7829861111111112 0.9183201058201058 0.7733134920634921 0.8974867724867724 0.7666170634920635 0.873015873015873 0.7619047619047619 0.8759920634920635 0.7552083333333334 0.8802910052910053 0.751984126984127 0.8839285714285714 0.734375 0.8816137566137566 0.7309027777777778 0.890542328042328 0.7264384920634921 0.896494708994709 0.7261904761904762 0.8978174603174603 0.7276785714285714 0.8941798941798942 0.732390873015873 0.8971560846560847 0.7375992063492064 0.896494708994709 0.7445436507936508 0.9011243386243386 0.7450396825396826 0.90244708994709 0.7375992063492064 0.9014550264550265 0.7100694444444444 0.8984788359788359 0.7033730158730159 0.892526455026455 0.6996527777777778 0.894510582010582 0.6919642857142857 0.8902116402116402 0.6892361111111112 0.8951719576719577 0.6822916666666666 0.8961640211640212 0.6748511904761905 0.8826058201058201 0.6510416666666666 0.8921957671957672 0.5942460317460317 0.8941798941798942 0.560515873015873 0.9090608465608465 0.5434027777777778 0.917989417989418 0.5257936507936508 0.9282407407407407 0.5153769841269841 0.9365079365079365 0.5106646825396826 0.9464285714285714 0.4947916666666667 0.9599867724867724 0.466765873015873 0.9616402116402116 0.45634920634920634 0.9576719576719577 0.44915674603174605 0.9642857142857143 0.42857142857142855 0.970568783068783 0.4236111111111111 0.9851190476190477 0.42237103174603174
1 0.8346560846560847 0.14360119047619047 0.8379629629629629 0.1453373015873016 0.8842592592592593 0.1453373015873016 0.8984788359788359 0.14756944444444445 0.8988095238095238 0.16145833333333334 0.890542328042328 0.17385912698412698 0.8703703703703703 0.1783234126984127 0.828042328042328 0.17807539682539683 0.8217592592592593 0.18129960317460317 0.8237433862433863 0.1847718253968254 0.833994708994709 0.18675595238095238 0.8703703703703703 0.18700396825396826 0.8845899470899471 0.19122023809523808 0.8951719576719577 0.20163690476190477 0.8961640211640212 0.21006944444444445 0.8908730158730159 0.21378968253968253 0.876984126984127 0.21577380952380953 0.843915343915344 0.2140376984126984 0.8204365079365079 0.21676587301587302 0.8244047619047619 0.22321428571428573 0.8558201058201058 0.2244543650793651 0.8624338624338624 0.2222222222222222 0.8700396825396826 0.2244543650793651 0.8733465608465608 0.22197420634920634 0.8796296296296297 0.22495039682539683 0.890542328042328 0.22495039682539683 0.8935185185185185 0.22718253968253968 0.8915343915343915 0.24206349206349206 0.8855820105820106 0.2517361111111111 0.8664021164021164 0.25471230158730157 0.8277116402116402 0.2552083333333333 0.7966269841269841 0.2552083333333333 0.7744708994708994 0.2527281746031746 0.7711640211640212 0.2482638888888889 0.7698412698412699 0.22991071428571427 0.7761243386243386 0.22495039682539683 0.8141534391534392 0.2234623015873016 0.8174603174603174 0.2170138888888889 0.7761243386243386 0.2140376984126984 0.7724867724867724 0.21031746031746032 0.7741402116402116 0.203125 0.783068783068783 0.19146825396825398 0.791005291005291 0.1884920634920635 0.8141534391534392 0.1857638888888889 0.8167989417989417 0.1827876984126984 0.8141534391534392 0.17881944444444445 0.7893518518518519 0.1783234126984127 0.78505291005291 0.17559523809523808 0.7847222222222222 0.15302579365079366 0.7896825396825397 0.14360119047619047 0.7966269841269841 0.1463293650793651 0.8055555555555556 0.14682539682539683 0.8283730158730159 0.14608134920634921 0.8343253968253969 0.14360119047619047
1 0.9884259259259259 0.14260912698412698 0.9996693121693122 0.14558531746031747 0.9996693121693122 0.1728670634920635 0.9947089947089947 0.17733134920634921 0.9900793650793651 0.17708333333333334 0.9867724867724867 0.18204365079365079 0.9996693121693122 0.18551587301587302 0.9996693121693122 0.2113095238095238 0.9957010582010583 0.21676587301587302 0.9996693121693122 0.21999007936507936 0.9996693121693122 0.2537202380952381 0.9791666666666666 0.2562003968253968 0.9322089947089947 0.2552083333333333 0.9282407407407407 0.2517361111111111 0.9282407407407407 0.23387896825396826 0.9332010582010583 0.2269345238095238 0.9477513227513228 0.2234623015873016 0.9702380952380952 0.22296626984126985 0.980489417989418 0.22098214285714285 0.9814814814814815 0.21850198412698413 0.9781746031746031 0.21478174603174602 0.9487433862433863 0.21378968253968253 0.9305555555555556 0.21106150793650794 0.9289021164021164 0.20634920634920634 0.9365079365079365 0.19246031746031747 0.9424603174603174 0.18824404761904762 0.9735449735449735 0.18303571428571427 0.9808201058201058 0.18353174603174602 0.9837962962962963 0.1800595238095238 0.9808201058201058 0.1765873015873016 0.9586640211640212 0.1765873015873016 0.9338624338624338 0.17336309523809523 0.9322089947089947 0.16989087301587302 0.9378306878306878 0.16493055555555555 0.9302248677248677 0.16245039682539683 0.9279100529100529 0.15699404761904762 0.9358465608465608 0.1470734126984127 0.9880952380952381 0.14260912698412698
1 0.6471560846560847 0 0.7622354497354498 0 0.769510582010582 0.014136904761904762 0.7711640211640212 0.031994047619047616 0.7642195767195767 0.1001984126984127 0.7576058201058201 0.13095238095238096 0.7513227513227513 0.13442460317460317 0.7103174603174603 0.1396329365079365 0.6461640211640212 0.13913690476190477 0.6372354497354498 0.13640873015873015 0.6223544973544973 0.13764880952380953 0.6183862433862434 0.13368055555555555 0.6173941798941799 0.12028769841269842 0.6216931216931217 0.1039186507936508 0.6266534391534392 0.03943452380952381 0.6296296296296297 0.029265873015873016 0.6471560846560847 0.000248015873015873
2 0.6517857142857143 0.4045138888888889 0.6848544973544973 0.4069940476190476 0.6937830687830688 0.4117063492063492 0.6944444444444444 0.43278769841269843 0.6898148148148148 0.44246031746031744 0.6878306878306878 0.4568452380952381 0.7152777777777778 0.501984126984127 0.7222222222222222 0.5250496031746031 0.7103174603174603 0.6361607142857143 0.7007275132275133 0.6649305555555556 0.6726190476190477 0.716765873015873 0.6812169312169312 0.7341269841269841 0.6818783068783069 0.7385912698412699 0.6795634920634921 0.7410714285714286 0.6504629629629629 0.7390873015873016 0.5972222222222222 0.7296626984126984 0.5671296296296297 0.7274305555555556 0.5535714285714286 0.7244543650793651 0.5499338624338624 0.7204861111111112 0.5770502645502645 0.6686507936507936 0.5595238095238095 0.6277281746031746 0.5615079365079365 0.5890376984126984 0.5730820105820106 0.5119047619047619 0.5922619047619048 0.484375 0.6203703703703703 0.45188492063492064 0.6233465608465608 0.4382440476190476 0.6197089947089947 0.4283234126984127 0.625 0.40749007936507936 0.6302910052910053 0.4052579365079365 0.6514550264550265 0.4045138888888889
2 0.35813492063492064 0.39112103174603174 0.39351851851851855 0.3940972222222222 0.4017857142857143 0.3970734126984127 0.4027777777777778 0.41592261904761907 0.3978174603174603 0.4290674603174603 0.39880952380952384 0.4392361111111111 0.4166666666666667 0.4739583333333333 0.42394179894179895 0.4833829365079365 0.42724867724867727 0.49330357142857145 0.4269179894179894 0.5101686507936508 0.419973544973545 0.5458829365079365 0.41369047619047616 0.6205357142857143 0.3872354497354497 0.6750992063492064 0.398478835978836 0.699156746031746 0.3974867724867725 0.7043650793650794 0.28604497354497355 0.6907242063492064 0.2767857142857143 0.6879960317460317 0.2751322751322751 0.6857638888888888 0.2791005291005291 0.6731150793650794 0.29794973544973546 0.6376488095238095 0.2824074074074074 0.6063988095238095 0.28075396825396826 0.5947420634920635 0.2919973544973545 0.49330357142857145 0.30224867724867727 0.4751984126984127 0.3369708994708995 0.43526785714285715 0.3396164021164021 0.42410714285714285 0.335978835978836 0.4156746031746032 0.33895502645502645 0.3943452380952381 0.3445767195767196 0.39087301587301587 0.3578042328042328 0.39112103174603174
2 0.05191798941798942 0 0.05853174603174603 0 0.06183862433862434 0.002976190476190476 0.0710978835978836 0.001736111111111111 0.07142857142857142 0 0.12136243386243387 0 0.11838624338624339 0.008680555555555556 0.1335978835978836 0.023561507936507936 0.144510582010582 0.043154761904761904 0.1431878306878307 0.054811507936507936 0.12896825396825398 0.08655753968253968 0.1302910052910053 0.10243055555555555 0.13756613756613756 0.12251984126984126 0.1359126984126984 0.14360119047619047 0.1306216931216931 0.1535218253968254 0.11970899470899471 0.15178571428571427 0.09126984126984126 0.15302579365079366 0.07837301587301587 0.15128968253968253 0.06911375661375661 0.1535218253968254 0.015542328042328041 0.15302579365079366 0.013558201058201057 0.15104166666666666 0.01488095238095238 0.11607142857142858 0.03009259259259259 0.08854166666666667 0.03439153439153439 0.07514880952380952 0.03439153439153439 0.060267857142857144 0.02546296296296296 0.03298611111111111 0.02546296296296296 0.023065476190476192 0.03406084656084656 0.009424603174603174 0.04332010582010582 0.002976190476190476 0.0496031746031746 0.002728174603174603 0.05191798941798942 0.000248015873015873
2 0.5085978835978836 0.39880952380952384 0.5383597883597884 0.40128968253968256 0.542989417989418 0.4027777777777778 0.546957671957672 0.40773809523809523 0.5456349206349206 0.423859126984127 0.5393518518518519 0.43898809523809523 0.5393518518518519 0.4461805555555556 0.5691137566137566 0.5049603174603174 0.5548941798941799 0.6267361111111112 0.5413359788359788 0.6560019841269841 0.5320767195767195 0.6674107142857143 0.5241402116402116 0.6845238095238095 0.5251322751322751 0.6927083333333334 0.53505291005291 0.7130456349206349 0.5363756613756614 0.7209821428571429 0.5343915343915344 0.7224702380952381 0.49867724867724866 0.71875 0.4573412698412698 0.7113095238095238 0.44576719576719576 0.7115575396825397 0.4113756613756614 0.7068452380952381 0.40773809523809523 0.7038690476190477 0.43187830687830686 0.6579861111111112 0.4169973544973545 0.6183035714285714 0.4203042328042328 0.5746527777777778 0.4305555555555556 0.5057043650793651 0.4401455026455027 0.4871031746031746 0.47883597883597884 0.44246031746031744 0.48148148148148145 0.43452380952380953 0.478505291005291 0.42410714285714285 0.47883597883597884 0.41121031746031744 0.482473544973545 0.4010416666666667 0.48974867724867727 0.39880952380952384 0.5082671957671958 0.39880952380952384
2 0.09159722222222222 0.5692162698412698 0.14351190476190476 0.38446428571428576
2 0.22113425925925928 0.5643948412698412 0.10496693121693122 0.41946676587301585