1 0.4751984126984127 0.4124503968253968 0.4976851851851852 0.41443452380952384 0.5026455026455027 0.41790674603174605 0.5006613756613757 0.4494047619047619 0.5066137566137566 0.4652777777777778 0.5211640211640212 0.4908234126984127 0.5205026455026455 0.5699404761904762 0.5178571428571429 0.578125 0.5109126984126984 0.5803571428571429 0.47685185185185186 0.5803571428571429 0.44212962962962965 0.5766369047619048 0.43683862433862436 0.5709325396825397 0.43683862433862436 0.5637400793650794 0.43154761904761907 0.5500992063492064 0.43187830687830686 0.4982638888888889 0.4341931216931217 0.48834325396825395 0.45601851851851855 0.4486607142857143 0.4546957671957672 0.4184027777777778 0.45965608465608465 0.4131944444444444 0.4748677248677249 0.4124503968253968
1 0.14054232804232805 0.4099702380952381 0.15773809523809523 0.41096230158730157 0.16236772486772486 0.4146825396825397 0.164021164021164 0.4246031746031746 0.16104497354497355 0.4320436507936508 0.16104497354497355 0.44221230158730157 0.17526455026455026 0.47023809523809523 0.1703042328042328 0.49404761904761907 0.17063492063492064 0.5334821428571429 0.17427248677248677 0.5620039682539683 0.1712962962962963 0.5649801587301587 0.15443121693121692 0.5649801587301587 0.144510582010582 0.5677083333333334 0.1531084656084656 0.5719246031746031 0.17493386243386244 0.5736607142857143 0.17824074074074073 0.5813492063492064 0.17328042328042328 0.589781746031746 0.15376984126984128 0.5900297619047619 0.14814814814814814 0.591765873015873 0.15376984126984128 0.5942460317460317 0.167989417989418 0.5952380952380952 0.17261904761904762 0.5982142857142857 0.17261904761904762 0.6096230158730159 0.15641534391534392 0.6125992063492064 0.16997354497354497 0.6163194444444444 0.17195767195767195 0.626984126984127 0.16335978835978837 0.6282242063492064 0.14715608465608465 0.625 0.13723544973544974 0.6307043650793651 0.10251322751322751 0.6279761904761905 0.09490740740740741 0.6200396825396826 0.09523809523809523 0.6106150793650794 0.10582010582010581 0.6121031746031746 0.1087962962962963 0.6096230158730159 0.09523809523809523 0.6071428571428571 0.09490740740740741 0.5942460317460317 0.10152116402116403 0.5910218253968254 0.11144179894179894 0.5930059523809523 0.12962962962962962 0.591765873015873 0.10515873015873016 0.5860615079365079 0.10218253968253968 0.5830853174603174 0.10185185185185185 0.5709325396825397 0.11970899470899471 0.5696924603174603 0.12169312169312169 0.5667162698412699 0.11937830687830688 0.5642361111111112 0.09788359788359788 0.5607638888888888 0.09457671957671958 0.5414186507936508 0.09457671957671958 0.5099206349206349 0.09490740740740741 0.48834325396825395 0.09854497354497355 0.47445436507936506 0.11772486772486772 0.4429563492063492 0.12202380952380952 0.4290674603174603 0.11673280423280423 0.42162698412698413 0.1164021164021164 0.41443452380952384 0.11970899470899471 0.4107142857142857 0.1402116402116402 0.4099702380952381
1 0.3091931216931217 0.41096230158730157 0.32043650793650796 0.41294642857142855 0.3247354497354497 0.4156746031746032 0.32605820105820105 0.42162698412698413 0.32275132275132273 0.43278769841269843 0.32705026455026454 0.4595734126984127 0.330026455026455 0.466765873015873 0.3435846560846561 0.48412698412698413 0.34093915343915343 0.5399305555555556 0.3455687830687831 0.5500992063492064 0.3492063492063492 0.5711805555555556 0.3019179894179894 0.5734126984126984 0.2824074074074074 0.5701884920634921 0.2787698412698413 0.5744047619047619 0.31382275132275134 0.576140873015873 0.3488756613756614 0.5818452380952381 0.3488756613756614 0.5952380952380952 0.3455687830687831 0.5972222222222222 0.3058862433862434 0.5984623015873016 0.29563492063492064 0.5967261904761905 0.2876984126984127 0.5987103174603174 0.29563492063492064 0.6006944444444444 0.30886243386243384 0.5992063492063492 0.3177910052910053 0.6029265873015873 0.34424603174603174 0.6056547619047619 0.3455687830687831 0.6096230158730159 0.3419312169312169 0.6190476190476191 0.3167989417989418 0.6197916666666666 0.3425925925925926 0.6264880952380952 0.33994708994708994 0.6369047619047619 0.3247354497354497 0.640625 0.30423280423280424 0.6376488095238095 0.2857142857142857 0.6396329365079365 0.26157407407407407 0.6374007936507936 0.25793650793650796 0.6349206349206349 0.2566137566137566 0.6272321428571429 0.26157407407407407 0.6165674603174603 0.2605820105820106 0.6026785714285714 0.265542328042328 0.5954861111111112 0.2648809523809524 0.5778769841269841 0.26884920634920634 0.5749007936507936 0.2744708994708995 0.5744047619047619 0.27314814814814814 0.5709325396825397 0.2638888888888889 0.5677083333333334 0.2562830687830688 0.5364583333333334 0.2566137566137566 0.4945436507936508 0.26521164021164023 0.47098214285714285 0.2724867724867725 0.46577380952380953 0.27744708994708994 0.4565972222222222 0.2876984126984127 0.4146825396825397 0.2933201058201058 0.4114583333333333 0.30886243386243384 0.41096230158730157
1 0.31812169312169314 0.7132936507936508 0.34755291005291006 0.7155257936507936 0.3551587301587302 0.7197420634920635 0.351521164021164 0.7440476190476191 0.357473544973545 0.7586805555555556 0.37466931216931215 0.7862103174603174 0.37136243386243384 0.8097718253968254 0.36937830687830686 0.8628472222222222 0.376984126984127 0.8903769841269841 0.3773148148148148 0.9047619047619048 0.38062169312169314 0.9077380952380952 0.38095238095238093 0.9362599206349206 0.3792989417989418 0.9392361111111112 0.3697089947089947 0.9397321428571429 0.3488756613756614 0.935515873015873 0.31316137566137564 0.9347718253968254 0.291005291005291 0.9283234126984127 0.2876984126984127 0.9000496031746031 0.2804232804232804 0.8673115079365079 0.2757936507936508 0.8571428571428571 0.27843915343915343 0.8045634920634921 0.2820767195767196 0.792906746031746 0.30787037037037035 0.7440476190476191 0.3055555555555556 0.7318948412698413 0.30687830687830686 0.7175099206349206 0.3098544973544973 0.7140376984126984 0.3177910052910053 0.7132936507936508
1 0.23015873015873015 0.41021825396825395 0.23776455026455026 0.4114583333333333 0.24173280423280424 0.4146825396825397 0.24305555555555555 0.4461805555555556 0.2576058201058201 0.4801587301587302 0.25462962962962965 0.5342261904761905 0.26091269841269843 0.5674603174603174 0.24702380952380953 0.5694444444444444 0.20304232804232805 0.5687003968253969 0.1974206349206349 0.5711805555555556 0.20866402116402116 0.5734126984126984 0.251984126984127 0.5753968253968254 0.25925925925925924 0.5776289682539683 0.2605820105820106 0.5823412698412699 0.25892857142857145 0.5912698412698413 0.25595238095238093 0.5930059523809523 0.22023809523809523 0.5935019841269841 0.21626984126984128 0.5952380952380952 0.24107142857142858 0.6001984126984127 0.25496031746031744 0.6009424603174603 0.2566137566137566 0.6103670634920635 0.25396825396825395 0.6145833333333334 0.24834656084656084 0.6163194444444444 0.2533068783068783 0.6262400793650794 0.25066137566137564 0.6302083333333334 0.24404761904761904 0.6321924603174603 0.23082010582010581 0.6277281746031746 0.22354497354497355 0.6341765873015873 0.2152777777777778 0.6354166666666666 0.1822089947089947 0.6334325396825397 0.17526455026455026 0.6267361111111112 0.17526455026455026 0.6187996031746031 0.18452380952380953 0.6128472222222222 0.17559523809523808 0.609375 0.17625661375661375 0.5987103174603174 0.18683862433862433 0.5954861111111112 0.1875 0.5920138888888888 0.1822089947089947 0.5877976190476191 0.1818783068783069 0.5674603174603174 0.17724867724867724 0.5622519841269841 0.17162698412698413 0.5297619047619048 0.17261904761904762 0.4928075396825397 0.1822089947089947 0.47023809523809523 0.19775132275132276 0.4429563492063492 0.1960978835978836 0.4134424603174603 0.20502645502645503 0.4099702380952381 0.22982804232804233 0.41021825396825395
1 0.23115079365079366 0.7061011904761905 0.2585978835978836 0.7083333333333334 0.26091269841269843 0.7100694444444444 0.2619047619047619 0.7170138888888888 0.25892857142857145 0.7269345238095238 0.2605820105820106 0.7378472222222222 0.27843915343915343 0.7658730158730159 0.2804232804232804 0.7854662698412699 0.2767857142857143 0.7996031746031746 0.27380952380952384 0.8524305555555556 0.2867063492063492 0.9114583333333334 0.2830687830687831 0.9275793650793651 0.26851851851851855 0.9260912698412699 0.2619047619047619 0.9283234126984127 0.2552910052910053 0.9248511904761905 0.23115079365079366 0.9233630952380952 0.2261904761904762 0.9246031746031746 0.2294973544973545 0.9268353174603174 0.2414021164021164 0.9273313492063492 0.25033068783068785 0.9303075396825397 0.2619047619047619 0.9290674603174603 0.2681878306878307 0.9345238095238095 0.2810846560846561 0.9389880952380952 0.2804232804232804 0.9461805555555556 0.27645502645502645 0.9508928571428571 0.26355820105820105 0.9506448412698413 0.25363756613756616 0.9528769841269841 0.27380952380952384 0.9598214285714286 0.2724867724867725 0.9672619047619048 0.24338624338624337 0.9699900793650794 0.2457010582010582 0.9771825396825397 0.23082010582010581 0.9806547619047619 0.22387566137566137 0.9791666666666666 0.22023809523809523 0.9739583333333334 0.23214285714285715 0.9704861111111112 0.22784391534391535 0.9665178571428571 0.18882275132275134 0.9608134920634921 0.1832010582010582 0.9563492063492064 0.18518518518518517 0.9236111111111112 0.2099867724867725 0.9243551587301587 0.2166005291005291 0.921875 0.18948412698412698 0.9146825396825397 0.19345238095238096 0.8893849206349206 0.18452380952380953 0.8583829365079365 0.18915343915343916 0.783234126984127 0.2156084656084656 0.7398313492063492 0.21792328042328044 0.7309027777777778 0.21461640211640212 0.7212301587301587 0.21626984126984128 0.7080853174603174 0.21957671957671956 0.7058531746031746 0.23082010582010581 0.7061011904761905
1 0.5608465608465608 0.41418650793650796 0.5889550264550265 0.41517857142857145 0.5958994708994709 0.4174107142857143 0.5978835978835979 0.4330357142857143 0.593584656084656 0.4417162698412698 0.593915343915344 0.45163690476190477 0.6144179894179894 0.4895833333333333 0.6147486772486772 0.5533234126984127 0.607473544973545 0.5949900793650794 0.6130952380952381 0.6245039682539683 0.6058201058201058 0.642609126984127 0.5988756613756614 0.6463293650793651 0.5968915343915344 0.6292162698412699 0.5995370370370371 0.5920138888888888 0.5968915343915344 0.5882936507936508 0.5873015873015873 0.5845734126984127 0.5472883597883598 0.5830853174603174 0.5248015873015873 0.578125 0.5257936507936508 0.4908234126984127 0.548941798941799 0.45014880952380953 0.546957671957672 0.42757936507936506 0.5492724867724867 0.4181547619047619 0.560515873015873 0.41418650793650796
1 0.3931878306878307 0.4131944444444444 0.4080687830687831 0.41443452380952384 0.41369047619047616 0.4181547619047619 0.4113756613756614 0.44642857142857145 0.4166666666666667 0.46378968253968256 0.42956349206349204 0.4905753968253968 0.4269179894179894 0.5679563492063492 0.42228835978835977 0.5746527777777778 0.40476190476190477 0.5753968253968254 0.35548941798941797 0.5731646825396826 0.3525132275132275 0.5704365079365079 0.3482142857142857 0.5466269841269841 0.34325396825396826 0.5369543650793651 0.3445767195767196 0.4945436507936508 0.36772486772486773 0.4459325396825397 0.36706349206349204 0.4181547619047619 0.3726851851851852 0.41393849206349204 0.39285714285714285 0.4131944444444444
1 0.4080687830687831 0.7202380952380952 0.44675925925925924 0.7242063492063492 0.4480820105820106 0.7380952380952381 0.4451058201058201 0.7522321428571429 0.4580026455026455 0.7757936507936508 0.47023809523809523 0.8095238095238095 0.47156084656084657 0.8596230158730159 0.46924603174603174 0.8700396825396826 0.4573412698412698 0.8836805555555556 0.45866402116402116 0.9025297619047619 0.4537037037037037 0.9228670634920635 0.4537037037037037 0.9253472222222222 0.4599867724867725 0.9288194444444444 0.46296296296296297 0.9432043650793651 0.4599867724867725 0.9469246031746031 0.4470899470899471 0.949156746031746 0.3974867724867725 0.9432043650793651 0.38822751322751325 0.9392361111111112 0.37896825396825395 0.8797123015873016 0.37202380952380953 0.8690476190476191 0.3726851851851852 0.8258928571428571 0.3759920634920635 0.8030753968253969 0.38591269841269843 0.7795138888888888 0.4027777777777778 0.7576884920634921 0.4041005291005291 0.748015873015873 0.4007936507936508 0.7361111111111112 0.4011243386243386 0.7261904761904762 0.4031084656084656 0.7209821428571429 0.40773809523809523 0.7202380952380952
1 0.5125661375661376 0.7289186507936508 0.5522486772486772 0.7336309523809523 0.5519179894179894 0.7586805555555556 0.5727513227513228 0.7931547619047619 0.5763888888888888 0.808531746031746 0.5740740740740741 0.8313492063492064 0.5744047619047619 0.8812003968253969 0.5684523809523809 0.9047619047619048 0.5734126984126984 0.9141865079365079 0.5694444444444444 0.9250992063492064 0.5753968253968254 0.9290674603174603 0.5796957671957672 0.9357638888888888 0.5704365079365079 0.9526289682539683 0.5757275132275133 0.9565972222222222 0.5677910052910053 0.9635416666666666 0.5119047619047619 0.9580853174603174 0.5016534391534392 0.9598214285714286 0.5089285714285714 0.9640376984126984 0.5291005291005291 0.966765873015873 0.5343915343915344 0.9702380952380952 0.5340608465608465 0.9811507936507936 0.5297619047619048 0.9856150793650794 0.515542328042328 0.9841269841269841 0.5102513227513228 0.9856150793650794 0.5112433862433863 0.9885912698412699 0.5218253968253969 0.9910714285714286 0.5191798941798942 0.9997519841269841 0.48148148148148145 0.9997519841269841 0.4801587301587302 0.9957837301587301 0.48478835978835977 0.9875992063492064 0.4966931216931217 0.984375 0.49404761904761907 0.9806547619047619 0.4834656084656085 0.9774305555555556 0.4861111111111111 0.9655257936507936 0.5006613756613757 0.9600694444444444 0.48544973544973546 0.9496527777777778 0.48974867724867727 0.9459325396825397 0.49173280423280424 0.933531746031746 0.48743386243386244 0.8928571428571429 0.4887566137566138 0.8802083333333334 0.4771825396825397 0.8715277777777778 0.4751984126984127 0.8628472222222222 0.476521164021164 0.8055555555555556 0.4808201058201058 0.7953869047619048 0.48908730158730157 0.7879464285714286 0.5036375661375662 0.7661210317460317 0.5076058201058201 0.7542162698412699 0.503968253968254 0.7306547619047619 0.5122354497354498 0.7289186507936508
2 0.05423280423280423 0.6919642857142857 0.09259259259259259 0.6959325396825397 0.09358465608465609 0.7177579365079365 0.11044973544973545 0.7430555555555556 0.09689153439153439 0.7715773809523809 0.09490740740740741 0.8276289682539683 0.09854497354497355 0.8559027777777778 0.09391534391534391 0.8695436507936508 0.09986772486772487 0.8767361111111112 0.10052910052910052 0.8824404761904762 0.0958994708994709 0.8995535714285714 0.0916005291005291 0.9030257936507936 0.026785714285714284 0.8953373015873016 0.012235449735449735 0.890625 0.026785714285714284 0.8566468253968254 0.016865079365079364 0.8365575396825397 0.014219576719576719 0.8013392857142857 0.015873015873015872 0.7690972222222222 0.031746031746031744 0.7356150793650794 0.047619047619047616 0.7165178571428571 0.046296296296296294 0.6966765873015873 0.0496031746031746 0.6922123015873016 0.0539021164021164 0.6919642857142857
2 0.16865079365079366 0.04836309523809524 0.1818783068783069 0.04985119047619048 0.19576719576719576 0.05654761904761905 0.20006613756613756 0.07762896825396826 0.1970899470899471 0.08878968253968254 0.21825396825396826 0.12251984126984126 0.21825396825396826 0.19295634920634921 0.22156084656084657 0.21800595238095238 0.21792328042328044 0.22891865079365079 0.20899470899470898 0.24131944444444445 0.20965608465608465 0.2537202380952381 0.15476190476190477 0.2571924603174603 0.1402116402116402 0.2569444444444444 0.13690476190476192 0.25496031746031744 0.11937830687830688 0.20932539682539683 0.11970899470899471 0.13516865079365079 0.12632275132275134 0.11433531746031746 0.15013227513227514 0.08531746031746032 0.14715608465608465 0.07366071428571429 0.15079365079365079 0.05357142857142857 0.15707671957671956 0.04935515873015873 0.16832010582010581 0.04836309523809524
2 0.2701719576719577 0.03844246031746032 0.2857142857142857 0.04141865079365079 0.2953042328042328 0.047371031746031744 0.2996031746031746 0.06820436507936507 0.29662698412698413 0.08134920634920635 0.3201058201058201 0.1158234126984127 0.3230820105820106 0.2113095238095238 0.3187830687830688 0.2222222222222222 0.3098544973544973 0.23412698412698413 0.31316137566137564 0.2490079365079365 0.26884920634920634 0.25124007936507936 0.2681878306878307 0.25322420634920634 0.2757936507936508 0.25669642857142855 0.3098544973544973 0.2552083333333333 0.31746031746031744 0.2571924603174603 0.32275132275132273 0.2740575396825397 0.3210978835978836 0.27628968253968256 0.31746031746031744 0.2748015873015873 0.29133597883597884 0.2775297619047619 0.2791005291005291 0.27628968253968256 0.24636243386243387 0.2795138888888889 0.3191137566137566 0.2822420634920635 0.32275132275132273 0.28621031746031744 0.32242063492063494 0.2941468253968254 0.31746031746031744 0.29836309523809523 0.2466931216931217 0.2996031746031746 0.23578042328042328 0.3033234126984127 0.226521164021164 0.2958829365079365 0.226521164021164 0.28521825396825395 0.23082010582010581 0.27306547619047616 0.24173280423280424 0.2591765873015873 0.2585978835978836 0.25669642857142855 0.26157407407407407 0.25471230158730157 0.2585978835978836 0.251984126984127 0.24107142857142858 0.2527281746031746 0.23776455026455026 0.2509920634920635 0.22354497354497355 0.21651785714285715 0.21957671957671956 0.19345238095238096 0.22056878306878308 0.11979166666666667 0.2261904761904762 0.10664682539682539 0.25 0.07465277777777778 0.24636243386243387 0.06770833333333333 0.24933862433862433 0.04513888888888889 0.2576058201058201 0.03943452380952381 0.2698412698412698 0.03844246031746032
2 0.37883267195767195 0.17477926587301587 0.1095138888888889 0.31483382936507937
2 0.48816468253968254 0.1683308531746032 0.10992724867724868 0.3168204365079365
2 0.14703703703703702 0.8375595238095238 0.07290674603174603 0.2690228174603175
3 0.054507275132275136 0.5152926587301587 0.07558531746031746 0.22434771825396826