1 0.853505291005291 0.8353174603174603 0.8766534391534392 0.8353174603174603 0.8898809523809523 0.8375496031746031 0.8915343915343915 0.8430059523809523 0.8878968253968254 0.8559027777777778 0.8607804232804233 0.9074900793650794 0.8313492063492064 0.9429563492063492 0.8293650793650794 0.9605654761904762 0.8210978835978836 0.9635416666666666 0.732473544973545 0.9672619047619048 0.7129629629629629 0.9652777777777778 0.708994708994709 0.9590773809523809 0.7060185185185185 0.9424603174603174 0.708994708994709 0.9290674603174603 0.7245370370370371 0.9032738095238095 0.7476851851851852 0.8444940476190477 0.7569444444444444 0.8382936507936508 0.7691798941798942 0.8368055555555556 0.8531746031746031 0.8353174603174603
1 0.9808201058201058 0.8338293650793651 0.9996693121693122 0.8368055555555556 0.9996693121693122 0.8839285714285714 0.9910714285714286 0.8940972222222222 0.9857804232804233 0.9060019841269841 0.9632936507936508 0.9285714285714286 0.9596560846560847 0.9427083333333334 0.953042328042328 0.9526289682539683 0.9424603174603174 0.9600694444444444 0.9113756613756614 0.9583333333333334 0.9054232804232805 0.9618055555555556 0.8968253968253969 0.9600694444444444 0.8802910052910053 0.9620535714285714 0.8386243386243386 0.9605654761904762 0.8346560846560847 0.9561011904761905 0.8336640211640212 0.9446924603174603 0.8382936507936508 0.9360119047619048 0.8564814814814815 0.9191468253968254 0.8968253968253969 0.8402777777777778 0.9007936507936508 0.8368055555555556 0.9133597883597884 0.8353174603174603 0.980489417989418 0.8338293650793651
1 0.6944444444444444 0.8368055555555556 0.7298280423280423 0.8370535714285714 0.7443783068783069 0.8422619047619048 0.7218915343915344 0.9045138888888888 0.7056878306878307 0.9317956349206349 0.703042328042328 0.9501488095238095 0.6964285714285714 0.9640376984126984 0.6888227513227513 0.9677579365079365 0.6299603174603174 0.9694940476190477 0.6207010582010583 0.9737103174603174 0.6319444444444444 0.9771825396825397 0.6669973544973545 0.9754464285714286 0.6759259259259259 0.9771825396825397 0.6729497354497355 0.9813988095238095 0.6474867724867724 0.986359126984127 0.6147486772486772 0.9853670634920635 0.605489417989418 0.9806547619047619 0.6084656084656085 0.9744543650793651 0.607473544973545 0.9699900793650794 0.5810185185185185 0.9702380952380952 0.5753968253968254 0.96875 0.5674603174603174 0.9558531746031746 0.5674603174603174 0.9246031746031746 0.5707671957671958 0.9112103174603174 0.5810185185185185 0.8918650793650794 0.5859788359788359 0.8764880952380952 0.5889550264550265 0.8489583333333334 0.5873015873015873 0.8452380952380952 0.58994708994709 0.841765873015873 0.6021825396825397 0.8380456349206349 0.6941137566137566 0.8368055555555556
1 0.9249338624338624 0.33482142857142855 0.9285714285714286 0.33878968253968256 0.935515873015873 0.33878968253968256 0.9424603174603174 0.34226190476190477 0.953042328042328 0.3402777777777778 0.9702380952380952 0.34499007936507936 0.9778439153439153 0.3551587301587302 0.9718915343915344 0.37723214285714285 0.9583333333333334 0.3878968253968254 0.953042328042328 0.40649801587301587 0.9573412698412699 0.4320436507936508 0.9666005291005291 0.4595734126984127 0.966931216931217 0.4878472222222222 0.958994708994709 0.5138888888888888 0.9305555555555556 0.5721726190476191 0.8902116402116402 0.6160714285714286 0.8716931216931217 0.6567460317460317 0.8611111111111112 0.6597222222222222 0.7516534391534392 0.6567460317460317 0.7466931216931217 0.6540178571428571 0.7427248677248677 0.636656746031746 0.7493386243386243 0.6334325396825397 0.7483465608465608 0.6297123015873016 0.751984126984127 0.6272321428571429 0.7549603174603174 0.6165674603174603 0.7602513227513228 0.6118551587301587 0.7652116402116402 0.5987103174603174 0.7741402116402116 0.5895337301587301 0.7919973544973545 0.5607638888888888 0.7992724867724867 0.5285218253968254 0.8171296296296297 0.48735119047619047 0.8224206349206349 0.46750992063492064 0.8227513227513228 0.4469246031746032 0.8267195767195767 0.4392361111111111 0.832010582010582 0.43253968253968256 0.861441798941799 0.41195436507936506 0.8849206349206349 0.388640873015873 0.8912037037037037 0.3767361111111111 0.8888888888888888 0.36830357142857145 0.890542328042328 0.3611111111111111 0.904431216931217 0.33804563492063494 0.9077380952380952 0.3365575396825397 0.9153439153439153 0.33779761904761907 0.9246031746031746 0.33482142857142855
1 0.9996693121693122 0.42857142857142855 0.9996693121693122 0.6579861111111112 0.9943783068783069 0.660218253968254 0.966931216931217 0.6617063492063492 0.9447751322751323 0.6597222222222222 0.9259259259259259 0.6612103174603174 0.9269179894179894 0.6646825396825397 0.9322089947089947 0.6671626984126984 0.9457671957671958 0.6669146825396826 0.9576719576719577 0.6631944444444444 0.9662698412698413 0.6661706349206349 0.9841269841269841 0.6669146825396826 0.9996693121693122 0.6703869047619048 0.9996693121693122 0.6884920634920635 0.9447751322751323 0.6877480158730159 0.9361772486772487 0.6889880952380952 0.9348544973544973 0.6919642857142857 0.9494047619047619 0.6949404761904762 0.9910714285714286 0.6956845238095238 0.9950396825396826 0.6946924603174603 0.9996693121693122 0.6897321428571429 0.9996693121693122 0.7063492063492064 0.9947089947089947 0.7110615079365079 0.9424603174603174 0.7105654761904762 0.9289021164021164 0.7125496031746031 0.8902116402116402 0.7103174603174603 0.8819444444444444 0.7065972222222222 0.8773148148148148 0.6996527777777778 0.8792989417989417 0.6956845238095238 0.9113756613756614 0.6937003968253969 0.9126984126984127 0.6899801587301587 0.9047619047619048 0.6877480158730159 0.8865740740740741 0.6875 0.878968253968254 0.6830357142857143 0.8773148148148148 0.6750992063492064 0.8799603174603174 0.6701388888888888 0.9011243386243386 0.6684027777777778 0.9067460317460317 0.6661706349206349 0.9083994708994709 0.6629464285714286 0.9077380952380952 0.6612103174603174 0.896494708994709 0.658234126984127 0.876984126984127 0.6577380952380952 0.8756613756613757 0.6505456349206349 0.890542328042328 0.6180555555555556 0.9302248677248677 0.5756448412698413 0.9708994708994709 0.4947916666666667 0.9695767195767195 0.4556051587301587 0.9718915343915344 0.4489087301587302 0.9914021164021164 0.43154761904761907 0.9993386243386243 0.42857142857142855
2 0.4070767195767196 0.5148412698412699 0.17261574074074074 0.39972222222222226
2 0.5820304232804233 0.5208779761904762 0.13231481481481483 0.42171378968253964
2 0.21785383597883598 0.503797123015873 0.2108399470899471 0.42723710317460317
2 0.05801256613756614 0.4976339285714286 0.11602513227513228 0.4545957341269841
2 0.20669973544973544 0.917906746031746 0.13562169312169312 0.16418650793650794
2 0.3525760582010582 0.9141865079365079 0.14298280423280424 0.17162698412698413
2 0.509890873015873 0.9162003968253968 0.14015542328042327 0.1508531746031746
2 0.07138227513227513 0.9101785714285715 0.12292328042328043 0.15865327380952382