1 0.02546296296296296 0.2472718253968254 0.04365079365079365 0.2482638888888889 0.0710978835978836 0.25396825396825395 0.082010582010582 0.2621527777777778 0.08333333333333333 0.2867063492063492 0.07738095238095238 0.29637896825396826 0.07771164021164022 0.3062996031746032 0.08961640211640212 0.33482142857142855 0.105489417989418 0.3583829365079365 0.10813492063492064 0.3725198412698413 0.10482804232804233 0.4427083333333333 0.10085978835978836 0.4494047619047619 0.10251322751322751 0.4575892857142857 0.1001984126984127 0.4809027777777778 0.103505291005291 0.49107142857142855 0.06746031746031746 0.49255952380952384 0.06018518518518518 0.4935515873015873 0.05357142857142857 0.4972718253968254 0.050595238095238096 0.49429563492063494 0.01488095238095238 0.49231150793650796 0 0.48834325396825395 0 0.4201388888888889 0.001984126984126984 0.4191468253968254 0 0.41716269841269843 0 0.30654761904761907 0.005621693121693121 0.294890873015873 0.001984126984126984 0.2787698412698413 0 0.27802579365079366 0 0.26438492063492064 0.00496031746031746 0.2507440476190476 0.011904761904761904 0.24801587301587302 0.02513227513227513 0.2472718253968254
1 0.3194444444444444 0.26686507936507936 0.34854497354497355 0.27058531746031744 0.35978835978835977 0.27628968253968256 0.3621031746031746 0.2924107142857143 0.3611111111111111 0.3038194444444444 0.35615079365079366 0.3125 0.35813492063492064 0.32787698412698413 0.36474867724867727 0.34499007936507936 0.37665343915343913 0.36334325396825395 0.38492063492063494 0.38169642857142855 0.3845899470899471 0.44717261904761907 0.37566137566137564 0.47643849206349204 0.375 0.4990079365079365 0.37037037037037035 0.5024801587301587 0.35548941798941797 0.5032242063492064 0.29034391534391535 0.5004960317460317 0.2857142857142857 0.5027281746031746 0.27215608465608465 0.5009920634920635 0.267526455026455 0.4947916666666667 0.26587301587301587 0.4836309523809524 0.2619047619047619 0.4868551587301587 0.25793650793650796 0.482390873015873 0.25165343915343913 0.4600694444444444 0.25363756613756616 0.4565972222222222 0.25363756613756616 0.3931051587301587 0.2576058201058201 0.3767361111111111 0.29133597883597884 0.32142857142857145 0.29365079365079366 0.3087797619047619 0.28935185185185186 0.298859126984127 0.2943121693121693 0.27306547619047616 0.29993386243386244 0.26860119047619047 0.3191137566137566 0.26686507936507936
1 0.21891534391534392 0.7088293650793651 0.22387566137566137 0.7123015873015873 0.22585978835978837 0.7197420634920635 0.22552910052910052 0.738343253968254 0.22056878306878308 0.7455357142857143 0.22255291005291006 0.7609126984126984 0.2328042328042328 0.7837301587301587 0.24801587301587302 0.8060515873015873 0.25595238095238093 0.8343253968253969 0.2523148148148148 0.9176587301587301 0.24702380952380953 0.9320436507936508 0.25165343915343913 0.935515873015873 0.24966931216931218 0.9466765873015873 0.25297619047619047 0.9578373015873016 0.2523148148148148 0.9945436507936508 0.2490079365079365 0.9997519841269841 0.1974206349206349 0.9997519841269841 0.1960978835978836 0.9970238095238095 0.18948412698412698 0.998015873015873 0.18915343915343916 0.9997519841269841 0.15707671957671956 0.9997519841269841 0.15443121693121692 0.9970238095238095 0.15013227513227514 0.9997519841269841 0.11044973544973545 0.9997519841269841 0.10747354497354497 0.9796626984126984 0.09854497354497355 0.957093253968254 0.10152116402116403 0.8859126984126984 0.10747354497354497 0.8315972222222222 0.1527777777777778 0.7681051587301587 0.15806878306878308 0.7485119047619048 0.1531084656084656 0.7413194444444444 0.1541005291005291 0.7247023809523809 0.15773809523809523 0.7130456349206349 0.16170634920634921 0.7100694444444444 0.1736111111111111 0.7085813492063492 0.21858465608465608 0.7088293650793651
1 0.353505291005291 0.7080853174603174 0.3680555555555556 0.7100694444444444 0.3740079365079365 0.7189980158730159 0.37533068783068785 0.7418154761904762 0.37103174603174605 0.7537202380952381 0.3723544973544973 0.7651289682539683 0.3855820105820106 0.8003472222222222 0.39384920634920634 0.8070436507936508 0.4011243386243386 0.8196924603174603 0.4050925925925926 0.8368055555555556 0.3998015873015873 0.9208829365079365 0.38955026455026454 0.9389880952380952 0.38062169312169314 0.9945436507936508 0.3654100529100529 0.9977678571428571 0.3644179894179894 0.9997519841269841 0.335978835978836 0.9997519841269841 0.3353174603174603 0.9977678571428571 0.3330026455026455 0.9997519841269841 0.26851851851851855 0.9997519841269841 0.2638888888888889 0.9947916666666666 0.26322751322751325 0.9630456349206349 0.2595899470899471 0.9543650793650794 0.2612433862433862 0.9389880952380952 0.2552910052910053 0.9263392857142857 0.26157407407407407 0.8442460317460317 0.265542328042328 0.8365575396825397 0.2771164021164021 0.828125 0.27744708994708994 0.8095238095238095 0.3019179894179894 0.7733134920634921 0.3082010582010582 0.7601686507936508 0.3091931216931217 0.7490079365079365 0.30522486772486773 0.7423115079365079 0.30753968253968256 0.7172619047619048 0.31382275132275134 0.7098214285714286 0.330026455026455 0.7078373015873016 0.3531746031746032 0.7080853174603174
1 0.18584656084656084 0.2569444444444444 0.21296296296296297 0.2619047619047619 0.2218915343915344 0.26860119047619047 0.22387566137566137 0.28348214285714285 0.22288359788359788 0.29365079365079366 0.2175925925925926 0.30481150793650796 0.21891534391534392 0.3159722222222222 0.24272486772486773 0.36830357142857145 0.24867724867724866 0.37648809523809523 0.24801587301587302 0.4461805555555556 0.22552910052910052 0.4957837301587302 0.210978835978836 0.5 0.16137566137566137 0.4962797619047619 0.13690476190476192 0.49776785714285715 0.12235449735449735 0.4945436507936508 0.1173941798941799 0.49107142857142855 0.11706349206349206 0.4739583333333333 0.10747354497354497 0.4439484126984127 0.11078042328042328 0.37996031746031744 0.11772486772486772 0.3715277777777778 0.11970899470899471 0.35912698412698413 0.1421957671957672 0.3291170634920635 0.15211640211640212 0.30952380952380953 0.1531084656084656 0.29737103174603174 0.14682539682539683 0.2899305555555556 0.15046296296296297 0.2621527777777778 0.15443121693121692 0.2586805555555556 0.16170634920634921 0.2571924603174603 0.18551587301587302 0.2569444444444444
1 0.9920634920634921 0.3784722222222222 0.9996693121693122 0.3864087301587302 0.9996693121693122 0.47619047619047616 0.9890873015873016 0.4704861111111111 0.9861111111111112 0.45907738095238093 0.9751984126984127 0.44990079365079366 0.9771825396825397 0.42857142857142855 0.9837962962962963 0.408234126984127 0.9841269841269841 0.39632936507936506 0.980489417989418 0.38268849206349204 0.9917328042328042 0.3784722222222222
1 0.47255291005291006 0.7073412698412699 0.5059523809523809 0.7080853174603174 0.5142195767195767 0.7135416666666666 0.5162037037037037 0.7403273809523809 0.5109126984126984 0.7477678571428571 0.5112433862433863 0.7611607142857143 0.5211640211640212 0.7814980158730159 0.5304232804232805 0.7921626984126984 0.5320767195767195 0.8003472222222222 0.5433201058201058 0.8182043650793651 0.5459656084656085 0.8278769841269841 0.546957671957672 0.8427579365079365 0.5416666666666666 0.9174107142857143 0.5357142857142857 0.9322916666666666 0.5370370370370371 0.9365079365079365 0.5324074074074074 0.9521329365079365 0.5267857142857143 0.9630456349206349 0.5257936507936508 0.9875992063492064 0.5221560846560847 0.9997519841269841 0.47619047619047616 0.9997519841269841 0.4738756613756614 0.9970238095238095 0.4556878306878307 0.9975198412698413 0.4540343915343915 0.9997519841269841 0.4097222222222222 0.9997519841269841 0.41203703703703703 0.9630456349206349 0.40773809523809523 0.9392361111111112 0.4087301587301587 0.9285714285714286 0.4041005291005291 0.9193948412698413 0.4037698412698413 0.910218253968254 0.4107142857142857 0.8209325396825397 0.45105820105820105 0.7633928571428571 0.4546957671957672 0.7495039682539683 0.45072751322751325 0.7375992063492064 0.45271164021164023 0.7127976190476191 0.4566798941798942 0.7088293650793651 0.4722222222222222 0.7073412698412699
1 0.4497354497354497 0.27901785714285715 0.4801587301587302 0.2819940476190476 0.4877645502645503 0.2847222222222222 0.49107142857142855 0.2884424603174603 0.4914021164021164 0.314484126984127 0.48544973544973546 0.3211805555555556 0.48644179894179895 0.33382936507936506 0.49636243386243384 0.35714285714285715 0.5085978835978836 0.3759920634920635 0.513558201058201 0.3933531746031746 0.5109126984126984 0.4751984126984127 0.5072751322751323 0.5037202380952381 0.5016534391534392 0.5064484126984127 0.4748677248677249 0.5084325396825397 0.4775132275132275 0.5143849206349206 0.5023148148148148 0.5188492063492064 0.5016534391534392 0.5399305555555556 0.48842592592592593 0.542906746031746 0.44113756613756616 0.5424107142857143 0.4375 0.5438988095238095 0.4375 0.546875 0.4441137566137566 0.548859126984127 0.4599867724867725 0.5481150793650794 0.4937169312169312 0.5515873015873016 0.5016534391534392 0.5560515873015873 0.5016534391534392 0.5719246031746031 0.4923941798941799 0.5746527777777778 0.484457671957672 0.5744047619047619 0.4808201058201058 0.5773809523809523 0.48412698412698413 0.5815972222222222 0.49636243386243384 0.5815972222222222 0.4990079365079365 0.5905257936507936 0.49834656084656087 0.6024305555555556 0.49074074074074076 0.6056547619047619 0.4771825396825397 0.6014384920634921 0.4705687830687831 0.6068948412698413 0.4427910052910053 0.6063988095238095 0.43683862433862436 0.6014384920634921 0.42162698412698413 0.6059027777777778 0.4060846560846561 0.6066468253968254 0.3955026455026455 0.6056547619047619 0.39087301587301587 0.6021825396825397 0.3862433862433862 0.5882936507936508 0.38657407407407407 0.5813492063492064 0.4087301587301587 0.5783730158730159 0.4126984126984127 0.574156746031746 0.38657407407407407 0.5694444444444444 0.3845899470899471 0.5634920634920635 0.38921957671957674 0.5520833333333334 0.390542328042328 0.5505952380952381 0.4262566137566138 0.5466269841269841 0.42294973544973546 0.5424107142857143 0.4113756613756614 0.5421626984126984 0.3951719576719577 0.5372023809523809 0.38955026455026454 0.5295138888888888 0.39087301587301587 0.5243055555555556 0.3869047619047619 0.5215773809523809 0.414021164021164 0.5126488095238095 0.44312169312169314 0.5138888888888888 0.45337301587301587 0.5133928571428571 0.4546957671957672 0.5111607142857143 0.453042328042328 0.5084325396825397 0.44312169312169314 0.5064484126984127 0.41435185185185186 0.5054563492063492 0.3872354497354497 0.5017361111111112 0.37896825396825395 0.49181547619047616 0.3816137566137566 0.48759920634920634 0.3819444444444444 0.4704861111111111 0.3862433862433862 0.4573412698412698 0.38955026455026454 0.38665674603174605 0.4011243386243386 0.3663194444444444 0.41369047619047616 0.3531746031746032 0.4255952380952381 0.3308531746031746 0.42724867724867727 0.31845238095238093 0.42394179894179895 0.3117559523809524 0.42394179894179895 0.30009920634920634 0.4262566137566138 0.2864583333333333 0.4322089947089947 0.28125 0.4494047619047619 0.27901785714285715
1 0.5949074074074074 0.28596230158730157 0.6130952380952381 0.28918650793650796 0.6197089947089947 0.2951388888888889 0.6200396825396826 0.31299603174603174 0.6137566137566137 0.3263888888888889 0.6137566137566137 0.3375496031746032 0.6183862433862434 0.35143849206349204 0.6372354497354498 0.3844246031746032 0.6418650793650794 0.4069940476190476 0.6388888888888888 0.47445436507936506 0.6335978835978836 0.5064484126984127 0.6299603174603174 0.5099206349206349 0.6170634920634921 0.5119047619047619 0.5740740740740741 0.5091765873015873 0.5681216931216931 0.5121527777777778 0.5677910052910053 0.5153769841269841 0.5740740740740741 0.5178571428571429 0.6256613756613757 0.5215773809523809 0.6276455026455027 0.5262896825396826 0.6226851851851852 0.5438988095238095 0.6127645502645502 0.5466269841269841 0.5988756613756614 0.5463789682539683 0.595568783068783 0.548859126984127 0.591931216931217 0.5461309523809523 0.5773809523809523 0.5473710317460317 0.5608465608465608 0.5443948412698413 0.5542328042328042 0.5478670634920635 0.5486111111111112 0.5463789682539683 0.5456349206349206 0.5503472222222222 0.5648148148148148 0.5520833333333334 0.5978835978835979 0.5510912698412699 0.6240079365079365 0.5535714285714286 0.6299603174603174 0.5562996031746031 0.6302910052910053 0.5699404761904762 0.623015873015873 0.5763888888888888 0.605489417989418 0.5773809523809523 0.591931216931217 0.5751488095238095 0.5697751322751323 0.5751488095238095 0.5595238095238095 0.5778769841269841 0.5625 0.5815972222222222 0.578042328042328 0.5806051587301587 0.5925925925925926 0.5825892857142857 0.6058201058201058 0.5811011904761905 0.623015873015873 0.5845734126984127 0.6233465608465608 0.5954861111111112 0.6197089947089947 0.605406746031746 0.6130952380952381 0.6088789682539683 0.5972222222222222 0.609375 0.5744047619047619 0.607390873015873 0.5396825396825397 0.6083829365079365 0.5327380952380952 0.605406746031746 0.5208333333333334 0.6056547619047619 0.5165343915343915 0.6024305555555556 0.5181878306878307 0.5840773809523809 0.5254629629629629 0.5815972222222222 0.5433201058201058 0.5811011904761905 0.5472883597883598 0.578125 0.5188492063492064 0.5711805555555556 0.5191798941798942 0.5572916666666666 0.5241402116402116 0.5530753968253969 0.5370370370370371 0.5503472222222222 0.5396825396825397 0.546875 0.5224867724867724 0.5436507936507936 0.5191798941798942 0.5399305555555556 0.5205026455026455 0.5213293650793651 0.5257936507936508 0.5171130952380952 0.5661375661375662 0.515625 0.566468253968254 0.5119047619047619 0.5552248677248677 0.5109126984126984 0.5496031746031746 0.5131448412698413 0.5373677248677249 0.5081845238095238 0.5191798941798942 0.5062003968253969 0.5152116402116402 0.49603174603174605 0.513558201058201 0.47445436507936506 0.5188492063492064 0.3968253968253968 0.52744708994709 0.37896825396825395 0.5373677248677249 0.36681547619047616 0.5525793650793651 0.3410218253968254 0.5555555555555556 0.32837301587301587 0.5525793650793651 0.31274801587301587 0.5552248677248677 0.2934027777777778 0.560515873015873 0.28869047619047616 0.5704365079365079 0.2864583333333333 0.5945767195767195 0.28596230158730157
1 0.6998644179894179 0.43841765873015875 0.11665674603174603 0.3311979166666667
1 0.6198214285714285 0.8521924603174603 0.1417559523809524 0.29069196428571425