1 0.072421 0.472718 0.083995 0.166667
1 0.275794 0.857391 0.107143 0.284722
1 0.337632 0.480283 0.093915 0.175843
1 0.157407 0.474950 0.090608 0.170635
1 0.532242 0.522321 0.100198 0.256944
1 0.487765 0.856895 0.108466 0.249008
1 0.433201 0.520709 0.098545 0.257192
1 0.376984 0.843874 0.105820 0.241815
1 0.180721 0.823661 0.103505 0.234127
1 0.247851 0.513641 0.098876 0.247024
2 0.106647 0.110987 0.111442 0.221974
2 0.027116 0.801587 0.054233 0.219742
2 0.089451 0.812748 0.107474 0.229167
2 0.213459 0.108755 0.111442 0.217510
2 0.218942 0.229250 0.215556 0.150300
2 0.283507 0.217128 0.323423 0.143909