1 0.050266853932584274 0.4291652249134948 0.10053838951310862 0.23549524221453288
1 0.1575140449438202 0.42976859861591693 0.17457397003745317 0.24102292387543253
3 0.3199110486891386 0.4223464532871972 0.16229400749063672 0.23050605536332178
3 0.45977059925093633 0.43857915224913496 0.15643258426966292 0.24350778546712804
3 0.5985720973782771 0.4362067474048443 0.15314138576779027 0.2452508650519031
2 0.7591104868913858 0.4477032871972318 0.15585674157303372 0.261753892733564
2 0.9154681647940075 0.4461721453287197 0.16895131086142323 0.25652897923875434
1 0.0599250936329588 0.7151448961937716 0.1198501872659176 0.19542603806228373
3 0.17301498127340825 0.7209515570934256 0.16344569288389513 0.2070415224913495
3 0.3232116104868914 0.731825259515571 0.1595318352059925 0.21364835640138408
2 0.4390496254681648 0.7373615916955018 0.13875 0.20477076124567475
2 0.5912219101123595 0.743700259515571 0.13843632958801497 0.21360942906574396
2 0.7341198501872659 0.7456574394463668 0.16673689138576778 0.2132006920415225