1 0.045744382022471906 0.42115484429065747 0.09148408239700374 0.2281228373702422
1 0.1480430711610487 0.42587370242214534 0.1790449438202247 0.23972318339100346
1 0.060014044943820226 0.712128027681661 0.12003277153558052 0.1872318339100346
3 0.3146676029962547 0.41896193771626294 0.17053370786516853 0.23671064013840828
3 0.44348314606741573 0.4255255190311419 0.19875936329588015 0.2476751730103806
3 0.5958005617977529 0.42279844290657437 0.15227059925093633 0.2573615916955017
3 0.18442415730337078 0.7140462802768166 0.14412453183520602 0.2062067474048443
3 0.30637172284644193 0.7245761245674741 0.14926498127340823 0.2121280276816609
2 0.7536423220973782 0.4436526816608996 0.15896535580524346 0.26230320069204155
2 0.915496254681648 0.4504692906574394 0.16900749063670412 0.2759385813148789
2 0.4443211610486892 0.7307331314878892 0.1770318352059925 0.2071388408304498
2 0.591493445692884 0.7377032871972318 0.1530243445692884 0.21459558823529412
2 0.7306601123595506 0.7460964532871972 0.1457818352059925 0.21840397923875432