1 0.04927902621722847 0.4194160899653979 0.098562734082397 0.2419485294117647
1 0.15851591760299624 0.4236375432525952 0.1906320224719101 0.23524870242214532
3 0.3140870786516854 0.4198659169550173 0.16469101123595503 0.2428438581314879
3 0.45588014981273406 0.43133217993079587 0.15333333333333332 0.2441522491349481
3 0.5989700374531836 0.43268814878892736 0.153937265917603 0.25335207612456745
2 0.7506039325842696 0.4392711937716263 0.1763014981273408 0.2621929065743945
2 0.9166666666666666 0.4383282871972318 0.16666666666666666 0.26030493079584777
1 0.05224250936329588 0.7128849480968859 0.10448501872659176 0.19306877162629757
3 0.16779494382022472 0.7155493079584775 0.14832397003745318 0.20488754325259514
3 0.3107209737827716 0.720121107266436 0.15795880149812733 0.2140333044982699
2 0.45519662921348314 0.7299524221453287 0.14728932584269663 0.21639489619377164
2 0.5882303370786517 0.7354346885813149 0.13245786516853933 0.21438365051903113
2 0.7284597378277153 0.7413473183391003 0.15073501872659179 0.2132309688581315