1 0.532573 0.521205 0.086971 0.160466
1 0.185185 0.516121 0.085979 0.155258
1 0.355985 0.518849 0.085648 0.157242
1 0.382275 0.839658 0.095238 0.212550
1 0.620701 0.523065 0.085979 0.163690
1 0.579200 0.870412 0.094907 0.258681
1 0.443287 0.553943 0.085648 0.224950
1 0.480324 0.844618 0.096230 0.215030
1 0.292659 0.862847 0.105820 0.266369
1 0.268849 0.550223 0.087963 0.222470
2 0.341138 0.264134 0.420721 0.103338
2 0.273277 0.251438 0.302824 0.091567
2 0.206716 0.241968 0.219332 0.081947
2 0.168915 0.254296 0.068168 0.096781
3 0.091903 0.404033 0.010208 0.313641
3 0.039659 0.385182 0.026442 0.321009
2 0.145812 0.562939 0.099269 0.596414
2 0.090643 0.564091 0.010757 0.578559
2 0.040241 0.554634 0.023981 0.576322