1 0.925926 0.226935 0.105159 0.227183
1 0.920304 0.604787 0.117063 0.297371
1 0.630456 0.180060 0.108796 0.183532
1 0.708664 0.603547 0.118386 0.303323
1 0.733962 0.225446 0.104167 0.261409
1 0.821594 0.604663 0.108135 0.299603
1 0.834325 0.193204 0.101852 0.179067
1 0.980985 0.571181 0.037368 0.223214
3 0.313715 0.244376 0.416815 0.071208
3 0.259157 0.243271 0.316349 0.074836
3 0.206622 0.250002 0.223271 0.098978
2 0.160688 0.231076 0.090853 0.075441
2 0.105885 0.235745 0.032741 0.106942
2 0.134787 0.474563 0.008337 0.242619
2 0.192660 0.461603 0.148145 0.264363
2 0.249954 0.459782 0.267169 0.276493
2 0.302178 0.460195 0.392483 0.276218
2 0.345385 0.461758 0.512159 0.281726