1 0.11300093632958802 0.38241565743944633 0.08242977528089887 0.17227076124567475
1 0.20598782771535581 0.3807936851211073 0.09986423220973784 0.1747923875432526
1 0.3090543071161049 0.38541522491349484 0.10313202247191011 0.1753871107266436
1 0.41094101123595506 0.39042171280276816 0.10090355805243446 0.17386678200692043
1 0.5124859550561798 0.38918901384083043 0.0855243445692884 0.1613083910034602
1 0.6075421348314607 0.39646410034602075 0.08837078651685393 0.16576557093425606
3 0.7099438202247191 0.39947664359861595 0.0902996254681648 0.17323313148788927
3 0.7802106741573034 0.4053741349480969 0.027963483146067416 0.1590743944636678
3 0.8333707865168539 0.4006596020761246 0.0625 0.1438797577854671
3 0.9009222846441947 0.4111634948096886 0.06963483146067416 0.1562348615916955
3 0.9603604868913858 0.4053373702422145 0.07927434456928839 0.16620891003460206