1 0.04990168539325843 0.41917171280276816 0.09980337078651685 0.24578287197231835
1 0.16540262172284645 0.42330666089965396 0.20440074906367042 0.236753892733564
3 0.31523408239700373 0.4180082179930796 0.15762172284644196 0.22615484429065744
3 0.4531554307116105 0.43248918685121107 0.14788389513108613 0.23998053633217994
3 0.6073501872659176 0.42620025951557095 0.15665262172284644 0.2382136678200692
2 0.7593445692883896 0.4359688581314879 0.18442415730337078 0.2555882352941176
2 0.9178370786516854 0.4363083910034602 0.16432584269662923 0.2541046712802768
1 0.05884831460674157 0.705756920415225 0.11770131086142321 0.20044117647058823
3 0.16617041198501872 0.711704152249135 0.16848314606741574 0.20152249134948097
3 0.3100561797752809 0.7164705882352941 0.156624531835206 0.22186851211072667
2 0.4549578651685393 0.728416955017301 0.15616573033707865 0.21332396193771624
2 0.5987359550561798 0.737208044982699 0.13473314606741574 0.2265787197231834
2 0.7369616104868915 0.7369225778546713 0.14901685393258426 0.20654411764705882