2 0.23779026217228466 0.3800713667820069 0.15254681647940074 0.2713884083044983
2 0.3760393258426966 0.38673659169550173 0.12474250936329588 0.2501167820069204
2 0.5344943820224719 0.3862067474048443 0.15138576779026217 0.23608131487889275
2 0.6645131086142323 0.394022491349481 0.10712078651685393 0.23441392733564015
2 0.7804026217228465 0.3918490484429066 0.10949906367041198 0.21925389273356402
1 0.07860486891385768 0.3729887543252595 0.15720973782771536 0.2442452422145329
1 0.09161048689138578 0.677601643598616 0.14577247191011236 0.23496107266435987
1 0.27740168539325843 0.6957807093425605 0.1475 0.25618295847750866
2 0.42655430711610487 0.6910834775086505 0.14618445692883894 0.25110942906574396
2 0.5721582397003746 0.6812326989619377 0.11903558052434457 0.25519896193771624
2 0.7011516853932585 0.6821301903114187 0.11952715355805243 0.23969290657439446
2 0.8270739700374532 0.6773378027681661 0.11856741573033708 0.23010813148788928
2 0.9293586142322097 0.6665441176470588 0.10777621722846442 0.2193339100346021