2 0.2280805243445693 0.38342344290657443 0.13312734082397004 0.2478157439446367
2 0.37487827715355804 0.3831812283737024 0.1458239700374532 0.24516652249134951
2 0.536502808988764 0.3929930795847751 0.11326310861423221 0.2345134083044983
2 0.6712172284644194 0.3867755190311419 0.10647940074906367 0.2112651384083045
2 0.7827949438202247 0.401965830449827 0.09555243445692883 0.22002162629757785
1 0.08648876404494382 0.3772772491349481 0.16829119850187269 0.23768598615916953
1 0.2759691011235955 0.6939143598615917 0.1399578651685393 0.24596020761245674
1 0.07530898876404495 0.6767236159169551 0.1506179775280899 0.2358455882352941
2 0.4298361423220974 0.6817863321799308 0.1480571161048689 0.23299307958477505
2 0.554686329588015 0.6885207612456747 0.1262312734082397 0.24430147058823531
2 0.6909503745318352 0.6798615916955016 0.1225374531835206 0.2550929930795848
2 0.8121395131086142 0.6737326989619378 0.14019194756554307 0.23634731833910033
2 0.9218024344569289 0.6692474048442907 0.1160814606741573 0.22305579584775087