1 0.11188670411985019 0.382469723183391 0.0895692883895131 0.1694939446366782
1 0.1986001872659176 0.38907871972318336 0.11942415730337079 0.17982698961937715
1 0.3113249063670412 0.3915095155709342 0.11703651685393258 0.18324826989619378
1 0.417186329588015 0.3943663494809688 0.09779494382022472 0.18175605536332182
1 0.5192322097378277 0.3897512975778547 0.10525749063670413 0.1725259515570934
1 0.6171254681647941 0.4004974048442907 0.09816947565543072 0.17527465397923875
3 0.7096629213483145 0.3975756920415225 0.09597846441947565 0.17231401384083045
3 0.7725983146067416 0.40060553633217993 0.053309925093632964 0.15963235294117648
3 0.8314091760299626 0.40168685121107267 0.05544943820224719 0.16035034602076126
3 0.8978043071161049 0.4043360726643599 0.0852434456928839 0.15988538062283736
3 0.9650421348314606 0.4058326124567474 0.06991104868913858 0.1527833044982699