1 0.8968253968253969 0 0.9424603174603174 0 0.9441137566137566 0.001984126984126984 0.9467592592592593 0 0.9890873015873016 0 0.9996693121693122 0.014384920634920634 0.9996693121693122 0.1505456349206349 0.9920634920634921 0.15674603174603174 0.9616402116402116 0.15773809523809523 0.9599867724867724 0.1644345238095238 0.9636243386243386 0.16790674603174602 0.9950396825396826 0.17162698412698413 0.9910714285714286 0.17509920634920634 0.9877645502645502 0.17509920634920634 0.9837962962962963 0.1800595238095238 0.9811507936507936 0.18874007936507936 0.9834656084656085 0.19246031746031747 0.9745370370370371 0.19766865079365079 0.9629629629629629 0.2003968253968254 0.9632936507936508 0.20362103174603174 0.9811507936507936 0.21006944444444445 0.984457671957672 0.22718253968253968 0.9808201058201058 0.23040674603174602 0.9675925925925926 0.23363095238095238 0.9441137566137566 0.2326388888888889 0.9398148148148148 0.2309027777777778 0.9146825396825397 0.23313492063492064 0.9090608465608465 0.23040674603174602 0.8753306878306878 0.23040674603174602 0.8654100529100529 0.2269345238095238 0.8697089947089947 0.2105654761904762 0.8766534391534392 0.20634920634920634 0.917989417989418 0.20287698412698413 0.9464285714285714 0.20386904761904762 0.9533730158730159 0.20014880952380953 0.9457671957671958 0.19717261904761904 0.9285714285714286 0.19816468253968253 0.921957671957672 0.1956845238095238 0.9037698412698413 0.19717261904761904 0.8660714285714286 0.1932043650793651 0.8617724867724867 0.18973214285714285 0.8587962962962963 0.17509920634920634 0.8601190476190477 0.17137896825396826 0.8654100529100529 0.16815476190476192 0.9050925925925926 0.1661706349206349 0.916005291005291 0.1684027777777778 0.953042328042328 0.16691468253968253 0.9553571428571429 0.16468253968253968 0.9533730158730159 0.1572420634920635 0.8627645502645502 0.15500992063492064 0.853505291005291 0.15104166666666666 0.8640873015873016 0.053323412698412696 0.8733465608465608 0.043154761904761904 0.8832671957671958 0.018849206349206348 0.8968253968253969 0.000248015873015873
1 0.9153439153439153 0.41121031746031744 0.9527116402116402 0.4134424603174603 0.9586640211640212 0.41790674603174605 0.9583333333333334 0.4357638888888889 0.9540343915343915 0.4429563492063492 0.9523809523809523 0.45982142857142855 0.958994708994709 0.4799107142857143 0.9775132275132276 0.5119047619047619 0.9791666666666666 0.5287698412698413 0.9854497354497355 0.5399305555555556 0.9867724867724867 0.5553075396825397 0.9814814814814815 0.6138392857142857 0.9755291005291006 0.6460813492063492 0.966931216931217 0.6661706349206349 0.9490740740740741 0.6887400793650794 0.9460978835978836 0.7202380952380952 0.9434523809523809 0.7224702380952381 0.933531746031746 0.7234623015873016 0.9110449735449735 0.7244543650793651 0.8895502645502645 0.7217261904761905 0.878968253968254 0.7237103174603174 0.8829365079365079 0.7279265873015873 0.906084656084656 0.7276785714285714 0.9421296296296297 0.7333829365079365 0.9507275132275133 0.7413194444444444 0.9500661375661376 0.7547123015873016 0.941468253968254 0.7619047619047619 0.9477513227513228 0.7686011904761905 0.9457671957671958 0.7864583333333334 0.9427910052910053 0.7891865079365079 0.935515873015873 0.7896825396825397 0.9322089947089947 0.7931547619047619 0.935515873015873 0.7956349206349206 0.9467592592592593 0.7978670634920635 0.9460978835978836 0.8060515873015873 0.935515873015873 0.816468253968254 0.9169973544973545 0.8189484126984127 0.904431216931217 0.8177083333333334 0.8941798941798942 0.8115079365079365 0.8832671957671958 0.8090277777777778 0.8756613756613757 0.8087797619047619 0.8664021164021164 0.8125 0.8564814814814815 0.8127480158730159 0.8412698412698413 0.8080357142857143 0.8296957671957672 0.800843253968254 0.8250661375661376 0.7899305555555556 0.8349867724867724 0.7862103174603174 0.8197751322751323 0.779265873015873 0.8141534391534392 0.7713293650793651 0.8138227513227513 0.7621527777777778 0.8191137566137566 0.7606646825396826 0.8386243386243386 0.7611607142857143 0.8528439153439153 0.7584325396825397 0.8488756613756614 0.7547123015873016 0.8214285714285714 0.7482638888888888 0.8177910052910053 0.7437996031746031 0.8138227513227513 0.7447916666666666 0.8125 0.7410714285714286 0.8194444444444444 0.7378472222222222 0.814484126984127 0.734375 0.8210978835978836 0.7321428571428571 0.8244047619047619 0.7455357142857143 0.8253968253968254 0.7309027777777778 0.828042328042328 0.7286706349206349 0.8349867724867724 0.7301587301587301 0.8386243386243386 0.7284226190476191 0.8564814814814815 0.7281746031746031 0.8664021164021164 0.7237103174603174 0.8558201058201058 0.7194940476190477 0.8174603174603174 0.7152777777777778 0.8115079365079365 0.7132936507936508 0.8095238095238095 0.7073412698412699 0.8204365079365079 0.6822916666666666 0.8167989417989417 0.6721230158730159 0.8240740740740741 0.667906746031746 0.8277116402116402 0.6545138888888888 0.8253968253968254 0.6438492063492064 0.8303571428571429 0.623015873015873 0.828042328042328 0.6103670634920635 0.8346560846560847 0.564484126984127 0.8343253968253969 0.5285218253968254 0.8396164021164021 0.5124007936507936 0.8528439153439153 0.5062003968253969 0.8819444444444444 0.4722222222222222 0.8895502645502645 0.44915674603174605 0.8902116402116402 0.4427083333333333 0.8869047619047619 0.4392361111111111 0.8865740740740741 0.4340277777777778 0.890542328042328 0.41617063492063494 0.8968253968253969 0.41294642857142855 0.9150132275132276 0.41121031746031744
1 0.7678571428571429 0.40649801587301587 0.7933201058201058 0.40773809523809523 0.8039021164021164 0.4126984126984127 0.8042328042328042 0.43278769841269843 0.7982804232804233 0.4419642857142857 0.7982804232804233 0.45882936507936506 0.8058862433862434 0.4779265873015873 0.8273809523809523 0.515625 0.8316798941798942 0.5565476190476191 0.8194444444444444 0.6540178571428571 0.8141534391534392 0.6676587301587301 0.8058862433862434 0.6713789682539683 0.8035714285714286 0.6748511904761905 0.7976190476190477 0.7132936507936508 0.7797619047619048 0.7162698412698413 0.7377645502645502 0.7125496031746031 0.7271825396825397 0.7125496031746031 0.7248677248677249 0.7145337301587301 0.7258597883597884 0.7189980158730159 0.730489417989418 0.7214781746031746 0.7662037037037037 0.7219742063492064 0.7919973544973545 0.7271825396825397 0.7939814814814815 0.7373511904761905 0.7923280423280423 0.7477678571428571 0.7896825396825397 0.7502480158730159 0.781084656084656 0.7509920634920635 0.7800925925925926 0.7547123015873016 0.8009259259259259 0.7614087301587301 0.8045634920634921 0.7653769841269841 0.8055555555555556 0.7760416666666666 0.8002645502645502 0.7797619047619048 0.7748015873015873 0.7822420634920635 0.7757936507936508 0.7837301587301587 0.792989417989418 0.7854662698412699 0.7946428571428571 0.7899305555555556 0.7863756613756614 0.8003472222222222 0.7781084656084656 0.8043154761904762 0.7652116402116402 0.8058035714285714 0.7533068783068783 0.8040674603174603 0.7414021164021164 0.7966269841269841 0.7341269841269841 0.7958829365079365 0.7238756613756614 0.8005952380952381 0.7119708994708994 0.8023313492063492 0.703042328042328 0.8005952380952381 0.6931216931216931 0.7953869047619048 0.6868386243386243 0.7896825396825397 0.6848544973544973 0.7822420634920635 0.6997354497354498 0.779265873015873 0.6749338624338624 0.7728174603174603 0.6696428571428571 0.7584325396825397 0.6759259259259259 0.7517361111111112 0.6964285714285714 0.7522321428571429 0.7040343915343915 0.7482638888888888 0.6977513227513228 0.746031746031746 0.6746031746031746 0.7440476190476191 0.6689814814814815 0.7415674603174603 0.6689814814814815 0.7393353174603174 0.6716269841269841 0.7266865079365079 0.6782407407407407 0.7192460317460317 0.7023809523809523 0.7177579365079365 0.7142857142857143 0.7189980158730159 0.7215608465608465 0.716765873015873 0.7179232804232805 0.7132936507936508 0.6861772486772487 0.7103174603174603 0.6798941798941799 0.7068452380952381 0.683531746031746 0.6932043650793651 0.6845238095238095 0.671875 0.6828703703703703 0.654265873015873 0.6792328042328042 0.6431051587301587 0.6752645502645502 0.640625 0.6752645502645502 0.6321924603174603 0.6812169312169312 0.6128472222222222 0.6851851851851852 0.5334821428571429 0.6884920634920635 0.5173611111111112 0.7172619047619048 0.48115079365079366 0.7281746031746031 0.4635416666666667 0.7371031746031746 0.4419642857142857 0.7371031746031746 0.4357638888888889 0.7308201058201058 0.4322916666666667 0.7308201058201058 0.42857142857142855 0.7347883597883598 0.42336309523809523 0.7380952380952381 0.41096230158730157 0.7443783068783069 0.4072420634920635 0.767526455026455 0.40649801587301587
1 0.6081349206349206 0 0.6498015873015873 0 0.6504629629629629 0.001984126984126984 0.6547619047619048 0.001984126984126984 0.6557539682539683 0 0.6980820105820106 0 0.7106481481481481 0.023065476190476192 0.7156084656084656 0.04662698412698413 0.7103174603174603 0.11755952380952381 0.705026455026455 0.13690476190476192 0.6967592592592593 0.15079365079365079 0.6706349206349206 0.1545138888888889 0.6722883597883598 0.1609623015873016 0.6881613756613757 0.1684027777777778 0.6828703703703703 0.18353174603174602 0.6759259259259259 0.1902281746031746 0.6507936507936508 0.19270833333333334 0.642526455026455 0.1956845238095238 0.6504629629629629 0.19866071428571427 0.6689814814814815 0.1996527777777778 0.6822089947089947 0.20262896825396826 0.6822089947089947 0.2065972222222222 0.6891534391534392 0.21428571428571427 0.6881613756613757 0.22371031746031747 0.6812169312169312 0.22594246031746032 0.6369047619047619 0.2261904761904762 0.6104497354497355 0.2234623015873016 0.6081349206349206 0.22098214285714285 0.6084656084656085 0.2078373015873016 0.6117724867724867 0.19940476190476192 0.6319444444444444 0.19593253968253968 0.6286375661375662 0.1922123015873016 0.6164021164021164 0.19072420634920634 0.611441798941799 0.18824404761904762 0.6101190476190477 0.1783234126984127 0.6127645502645502 0.1636904761904762 0.6187169312169312 0.16145833333333334 0.654431216931217 0.16145833333333334 0.6613756613756614 0.15773809523809523 0.6623677248677249 0.15426587301587302 0.6097883597883598 0.14930555555555555 0.5813492063492064 0.15029761904761904 0.5767195767195767 0.14756944444444445 0.5744047619047619 0.12648809523809523 0.5773809523809523 0.11681547619047619 0.582010582010582 0.04538690476190476 0.5882936507936508 0.02976190476190476 0.6081349206349206 0.000248015873015873
1 0.765542328042328 0.16245039682539683 0.7777777777777778 0.1654265873015873 0.8214285714285714 0.16493055555555555 0.8349867724867724 0.16815476190476192 0.8343253968253969 0.17782738095238096 0.8290343915343915 0.19246031746031747 0.8210978835978836 0.19518849206349206 0.78505291005291 0.1939484126984127 0.7784391534391535 0.19618055555555555 0.7833994708994709 0.20114087301587302 0.8068783068783069 0.2041170634920635 0.8210978835978836 0.203125 0.8283730158730159 0.20510912698412698 0.8373015873015873 0.2113095238095238 0.8409391534391535 0.21676587301587302 0.8396164021164021 0.2244543650793651 0.8263888888888888 0.2309027777777778 0.8290343915343915 0.2378472222222222 0.8336640211640212 0.24131944444444445 0.8323412698412699 0.25223214285714285 0.8267195767195767 0.26240079365079366 0.8138227513227513 0.26537698412698413 0.7728174603174603 0.265625 0.730489417989418 0.26339285714285715 0.7228835978835979 0.2554563492063492 0.7245370370370371 0.25148809523809523 0.7222222222222222 0.2408234126984127 0.7242063492063492 0.2378472222222222 0.7321428571428571 0.23586309523809523 0.7341269841269841 0.23139880952380953 0.7337962962962963 0.22743055555555555 0.7255291005291006 0.22321428571428573 0.7275132275132276 0.21279761904761904 0.7390873015873016 0.20262896825396826 0.748015873015873 0.1996527777777778 0.7595899470899471 0.20014880952380953 0.7638888888888888 0.1974206349206349 0.7724867724867724 0.19791666666666666 0.7754629629629629 0.19618055555555555 0.7261904761904762 0.1902281746031746 0.7238756613756614 0.1884920634920635 0.7271825396825397 0.17857142857142858 0.7218915343915344 0.17559523809523808 0.7215608465608465 0.171875 0.748015873015873 0.16245039682539683 0.7652116402116402 0.16245039682539683
2 0.33664021164021163 0.39087301587301587 0.36243386243386244 0.3933531746031746 0.36772486772486773 0.39732142857142855 0.3687169312169312 0.4154265873015873 0.36574074074074076 0.42410714285714285 0.36574074074074076 0.4357638888888889 0.3951719576719577 0.48139880952380953 0.4017857142857143 0.5004960317460317 0.3951719576719577 0.6059027777777778 0.36904761904761907 0.6684027777777778 0.3792989417989418 0.6889880952380952 0.37996031746031744 0.6929563492063492 0.37665343915343913 0.6946924603174603 0.291005291005291 0.6904761904761905 0.26157407407407407 0.6882440476190477 0.2576058201058201 0.6857638888888888 0.2628968253968254 0.6654265873015873 0.2777777777777778 0.6374007936507936 0.26091269841269843 0.6063988095238095 0.25727513227513227 0.5920138888888888 0.2622354497354497 0.4982638888888889 0.2708333333333333 0.4771825396825397 0.3048941798941799 0.4330357142857143 0.3062169312169312 0.4208829365079365 0.3019179894179894 0.4104662698412698 0.30522486772486773 0.3931051587301587 0.31117724867724866 0.390625 0.33630952380952384 0.39087301587301587
2 0.4619708994708995 0.39657738095238093 0.4957010582010582 0.39732142857142855 0.5119047619047619 0.40054563492063494 0.5142195767195767 0.41592261904761907 0.5095899470899471 0.4305555555555556 0.5099206349206349 0.4429563492063492 0.5327380952380952 0.4779265873015873 0.541005291005291 0.4982638888888889 0.5419973544973545 0.5101686507936508 0.5340608465608465 0.6066468253968254 0.5234788359788359 0.6351686507936508 0.5145502645502645 0.6475694444444444 0.5052910052910053 0.6681547619047619 0.517526455026455 0.6951884920634921 0.5158730158730159 0.701140873015873 0.48743386243386244 0.701140873015873 0.453042328042328 0.6971726190476191 0.43154761904761907 0.6974206349206349 0.3974867724867725 0.6949404761904762 0.3955026455026455 0.6924603174603174 0.39715608465608465 0.6852678571428571 0.4156746031746032 0.6515376984126984 0.41534391534391535 0.6455853174603174 0.4027777777777778 0.6202876984126984 0.39914021164021163 0.6068948412698413 0.40343915343915343 0.5186011904761905 0.4064153439153439 0.5014880952380952 0.41104497354497355 0.48908730158730157 0.4246031746031746 0.4694940476190476 0.44907407407407407 0.44246031746031744 0.45205026455026454 0.4332837301587302 0.4487433862433862 0.41617063492063494 0.45072751322751325 0.4007936507936508 0.4540343915343915 0.39732142857142855 0.46164021164021163 0.39657738095238093
2 0.18247354497354495 0.5827579365079365 0.1332473544973545 0.3865277777777778
2 0.057119708994708994 0.5650223214285715 0.11424272486772488 0.3960019841269841
2 0.6052546296296296 0.5997222222222222 0.12392526455026455 0.40847222222222224
3 0.5032837301587302 0.13881944444444444 0.12371362433862435 0.26864831349206353
3 0.374917328042328 0.1333655753968254 0.1306415343915344 0.25774057539682543
3 0.23552579365079365 0.13434523809523807 0.14347883597883598 0.26569444444444446