1 0.9322089947089947 0.19766865079365079 0.935515873015873 0.20014880952380953 0.970568783068783 0.20089285714285715 0.9996693121693122 0.20510912698412698 0.9996693121693122 0.22842261904761904 0.9947089947089947 0.23015873015873015 0.9768518518518519 0.22916666666666666 0.9702380952380952 0.23189484126984128 0.957010582010582 0.22916666666666666 0.9345238095238095 0.23015873015873015 0.9467592592592593 0.23462301587301587 0.9765211640211641 0.23834325396825398 0.9900793650793651 0.23809523809523808 0.9996693121693122 0.24057539682539683 0.9996693121693122 0.26438492063492064 0.9953703703703703 0.2611607142857143 0.9877645502645502 0.26264880952380953 0.9619708994708994 0.2614087301587302 0.9543650793650794 0.26438492063492064 0.9606481481481481 0.26711309523809523 0.9937169312169312 0.2690972222222222 0.9996693121693122 0.26612103174603174 0.9996693121693122 0.2934027777777778 0.9953703703703703 0.294890873015873 0.9487433862433863 0.29464285714285715 0.9087301587301587 0.29092261904761907 0.8941798941798942 0.2857142857142857 0.8958333333333334 0.26884920634920634 0.8981481481481481 0.2666170634920635 0.9117063492063492 0.26612103174603174 0.9150132275132276 0.26413690476190477 0.939484126984127 0.2648809523809524 0.9398148148148148 0.2619047619047619 0.9322089947089947 0.25818452380952384 0.8994708994708994 0.25496031746031744 0.8991402116402116 0.2378472222222222 0.9252645502645502 0.23363095238095238 0.9269179894179894 0.23065476190476192 0.9183201058201058 0.22643849206349206 0.8971560846560847 0.22395833333333334 0.8938492063492064 0.22073412698412698 0.8974867724867724 0.2152777777777778 0.9014550264550265 0.21726190476190477 0.8971560846560847 0.20238095238095238 0.9007936507936508 0.2003968253968254 0.9255952380952381 0.20064484126984128 0.9318783068783069 0.19766865079365079
1 0.9027777777777778 0.42063492063492064 0.9427910052910053 0.4228670634920635 0.9527116402116402 0.42509920634920634 0.9543650793650794 0.42782738095238093 0.9540343915343915 0.4461805555555556 0.9480820105820106 0.46130952380952384 0.9487433862433863 0.47470238095238093 0.9560185185185185 0.49528769841269843 0.970568783068783 0.5228174603174603 0.9748677248677249 0.5582837301587301 0.96494708994709 0.6197916666666666 0.9494047619047619 0.6540178571428571 0.9464285714285714 0.6681547619047619 0.9487433862433863 0.6822916666666666 0.9460978835978836 0.7008928571428571 0.9424603174603174 0.7063492063492064 0.9375 0.7075892857142857 0.8974867724867724 0.7085813492063492 0.8839285714285714 0.7056051587301587 0.8591269841269841 0.7056051587301587 0.8525132275132276 0.7026289682539683 0.8240740740740741 0.7006448412698413 0.8191137566137566 0.6994047619047619 0.8171296296296297 0.6959325396825397 0.8181216931216931 0.6852678571428571 0.8230820105820106 0.6753472222222222 0.8244047619047619 0.652281746031746 0.8220899470899471 0.6401289682539683 0.8247354497354498 0.6264880952380952 0.8316798941798942 0.6128472222222222 0.8313492063492064 0.5982142857142857 0.843915343915344 0.5124007936507936 0.859457671957672 0.5057043650793651 0.8759920634920635 0.48487103174603174 0.8855820105820106 0.4642857142857143 0.8898809523809523 0.4255952380952381 0.8961640211640212 0.4211309523809524 0.90244708994709 0.42063492063492064
1 0.8171296296296297 0 0.8812830687830688 0 0.8822751322751323 0.009176587301587302 0.8763227513227513 0.022569444444444444 0.8938492063492064 0.06398809523809523 0.8998015873015873 0.08978174603174603 0.8908730158730159 0.16344246031746032 0.8819444444444444 0.1857638888888889 0.8713624338624338 0.18774801587301587 0.843915343915344 0.1875 0.8115079365079365 0.18377976190476192 0.7625661375661376 0.18353174603174602 0.7589285714285714 0.18154761904761904 0.7576058201058201 0.1783234126984127 0.7625661375661376 0.15749007936507936 0.765542328042328 0.12574404761904762 0.7744708994708994 0.08085317460317461 0.7847222222222222 0.06398809523809523 0.8009259259259259 0.04861111111111111 0.8121693121693122 0.029513888888888888 0.814484126984127 0.021577380952380952 0.8101851851851852 0.01066468253968254 0.8171296296296297 0.000248015873015873
2 0.03736772486772487 0 0.13260582010582012 0 0.14484126984126985 0.015376984126984126 0.15112433862433863 0.029265873015873016 0.14814814814814814 0.04662698412698413 0.13921957671957672 0.06398809523809523 0.13558201058201058 0.07713293650793651 0.13723544973544974 0.09176587301587301 0.14517195767195767 0.11160714285714286 0.1431878306878307 0.14781746031746032 0.13624338624338625 0.1505456349206349 0.10119047619047619 0.14831349206349206 0.09126984126984126 0.15079365079365079 0.0958994708994709 0.15550595238095238 0.11276455026455026 0.1552579365079365 0.1402116402116402 0.1597222222222222 0.14285714285714285 0.1661706349206349 0.14252645502645503 0.18229166666666666 0.1402116402116402 0.1847718253968254 0.12896825396825398 0.18725198412698413 0.1164021164021164 0.1840277777777778 0.08697089947089948 0.18204365079365079 0.0873015873015873 0.1857638888888889 0.09556878306878307 0.1884920634920635 0.13822751322751323 0.19270833333333334 0.14054232804232805 0.20610119047619047 0.13690476190476192 0.21453373015873015 0.09887566137566138 0.21428571428571427 0.09358465608465609 0.21651785714285715 0.10085978835978836 0.21850198412698413 0.11276455026455026 0.21825396825396826 0.11904761904761904 0.22098214285714285 0.13525132275132276 0.22172619047619047 0.1378968253968254 0.2269345238095238 0.1359126984126984 0.24479166666666666 0.12400793650793651 0.2472718253968254 0.015542328042328041 0.23933531746031747 0.012896825396825396 0.23511904761904762 0.013558201058201057 0.21676587301587302 0.0248015873015873 0.21354166666666666 0.016203703703703703 0.2041170634920635 0.017857142857142856 0.18898809523809523 0.02546296296296296 0.18229166666666666 0.01984126984126984 0.1736111111111111 0.0205026455026455 0.15426587301587302 0.02447089947089947 0.1470734126984127 0.018518518518518517 0.140625 0.018849206349206348 0.1158234126984127 0.023809523809523808 0.09499007936507936 0.037698412698412696 0.07465277777777778 0.041005291005291 0.061755952380952384 0.031084656084656083 0.018353174603174604 0.03207671957671958 0.00744047619047619 0.03736772486772487 0.000248015873015873
2 0.7867063492063492 0.4126984126984127 0.8095238095238095 0.4146825396825397 0.8148148148148148 0.4176587301587302 0.8151455026455027 0.42857142857142855 0.8125 0.4402281746031746 0.808531746031746 0.4459325396825397 0.8088624338624338 0.4565972222222222 0.8349867724867724 0.5029761904761905 0.83994708994709 0.5238095238095238 0.8290343915343915 0.6123511904761905 0.8187830687830688 0.6376488095238095 0.7913359788359788 0.6832837301587301 0.7919973544973545 0.6889880952380952 0.796957671957672 0.6961805555555556 0.794973544973545 0.703125 0.8052248677248677 0.7127976190476191 0.8075396825396826 0.7309027777777778 0.8039021164021164 0.7331349206349206 0.7833994708994709 0.7341269841269841 0.7972883597883598 0.738343253968254 0.8035714285714286 0.738343253968254 0.8042328042328042 0.7482638888888888 0.8002645502645502 0.7554563492063492 0.7900132275132276 0.7619047619047619 0.7923280423280423 0.765625 0.7847222222222222 0.779265873015873 0.7754629629629629 0.7842261904761905 0.765542328042328 0.7859623015873016 0.7549603174603174 0.7842261904761905 0.7410714285714286 0.7775297619047619 0.7195767195767195 0.7755456349206349 0.7202380952380952 0.761656746031746 0.7238756613756614 0.7601686507936508 0.7410714285714286 0.7606646825396826 0.7470238095238095 0.7586805555555556 0.7222222222222222 0.7532242063492064 0.7212301587301587 0.7375992063492064 0.7238756613756614 0.732390873015873 0.7724867724867724 0.7356150793650794 0.7744708994708994 0.7311507936507936 0.7265211640211641 0.7284226190476191 0.72255291005291 0.7244543650793651 0.7235449735449735 0.7088293650793651 0.7251984126984127 0.7046130952380952 0.7301587301587301 0.7028769841269841 0.7503306878306878 0.7033730158730159 0.7619047619047619 0.7058531746031746 0.781415343915344 0.7053571428571429 0.7863756613756614 0.707093253968254 0.7870370370370371 0.701140873015873 0.7483465608465608 0.6954365079365079 0.7093253968253969 0.6946924603174603 0.6997354497354498 0.6922123015873016 0.6845238095238095 0.6917162698412699 0.6822089947089947 0.6884920634920635 0.7076719576719577 0.640625 0.6980820105820106 0.6232638888888888 0.6934523809523809 0.6039186507936508 0.705026455026455 0.5084325396825397 0.7162698412698413 0.4898313492063492 0.7506613756613757 0.45287698412698413 0.7536375661375662 0.4417162698412698 0.7483465608465608 0.4337797619047619 0.7529761904761905 0.4149305555555556 0.7619047619047619 0.41195436507936506 0.7863756613756614 0.4126984126984127
2 0 0 0.017526455026455025 0 0.026785714285714284 0.013888888888888888 0.0333994708994709 0.033482142857142856 0.03273809523809524 0.03993055555555555 0.018187830687830687 0.07093253968253968 0.018187830687830687 0.08333333333333333 0.021825396825396824 0.09449404761904762 0.018518518518518517 0.140625 0.011904761904761904 0.1440972222222222 0 0.14211309523809523 0 0.000248015873015873
2 0.1822089947089947 0.15997023809523808 0.19543650793650794 0.16245039682539683 0.2275132275132275 0.16245039682539683 0.23445767195767195 0.15947420634920634 0.2414021164021164 0.16319444444444445 0.24305555555555555 0.1684027777777778 0.23743386243386244 0.1956845238095238 0.2347883597883598 0.24280753968253968 0.23082010582010581 0.2524801587301587 0.1474867724867725 0.24851190476190477 0.14054232804232805 0.24454365079365079 0.14087301587301587 0.22668650793650794 0.14384920634920634 0.2234623015873016 0.15079365079365079 0.22197420634920634 0.17162698412698413 0.22395833333333334 0.17857142857142858 0.2222222222222222 0.19642857142857142 0.22271825396825398 0.2013888888888889 0.2251984126984127 0.2251984126984127 0.22495039682539683 0.23082010582010581 0.22668650793650794 0.23247354497354497 0.22495039682539683 0.23082010582010581 0.2222222222222222 0.21395502645502645 0.22023809523809523 0.20667989417989419 0.2214781746031746 0.20304232804232805 0.21899801587301587 0.1927910052910053 0.21800595238095238 0.1597222222222222 0.21875 0.14252645502645503 0.21378968253968253 0.14417989417989419 0.1956845238095238 0.15013227513227514 0.1932043650793651 0.16534391534391535 0.19270833333333334 0.1712962962962963 0.18948412698412698 0.1650132275132275 0.18700396825396826 0.14715608465608465 0.18551587301587302 0.1474867724867725 0.16121031746031747 0.1818783068783069 0.15997023809523808
2 0.638558201058201 0.404265873015873 0.671957671957672 0.40649801587301587 0.6795634920634921 0.41096230158730157 0.6792328042328042 0.42584325396825395 0.6722883597883598 0.43898809523809523 0.671957671957672 0.4466765873015873 0.6924603174603174 0.484375 0.7013888888888888 0.5119047619047619 0.689484126984127 0.6021825396825397 0.6795634920634921 0.6240079365079365 0.6577380952380952 0.6577380952380952 0.6722883597883598 0.7073412698412699 0.6726190476190477 0.7189980158730159 0.6686507936507936 0.7269345238095238 0.6706349206349206 0.7321428571428571 0.6689814814814815 0.7465277777777778 0.6650132275132276 0.7512400793650794 0.6494708994708994 0.7504960317460317 0.6504629629629629 0.753968253968254 0.6613756613756614 0.7534722222222222 0.6613756613756614 0.7584325396825397 0.6570767195767195 0.7619047619047619 0.6484788359788359 0.7638888888888888 0.6402116402116402 0.7703373015873016 0.6259920634920635 0.7750496031746031 0.6091269841269841 0.7735615079365079 0.5952380952380952 0.7663690476190477 0.5856481481481481 0.7646329365079365 0.566468253968254 0.7671130952380952 0.5529100529100529 0.7619047619047619 0.5466269841269841 0.7522321428571429 0.5466269841269841 0.7445436507936508 0.5671296296296297 0.7445436507936508 0.5615079365079365 0.7410714285714286 0.5462962962962963 0.738343253968254 0.5423280423280423 0.7242063492063492 0.544973544973545 0.716765873015873 0.5419973544973545 0.7061011904761905 0.546957671957672 0.6902281746031746 0.5710978835978836 0.6899801587301587 0.5856481481481481 0.6857638888888888 0.5539021164021164 0.6827876984126984 0.5515873015873016 0.6795634920634921 0.5710978835978836 0.6440972222222222 0.558531746031746 0.5992063492063492 0.5701058201058201 0.5057043650793651 0.5793650793650794 0.48412698412698413 0.6097883597883598 0.4496527777777778 0.6190476190476191 0.4097222222222222 0.623015873015873 0.40600198412698413 0.6382275132275133 0.404265873015873
2 0.5026455026455027 0.3960813492063492 0.5363756613756614 0.3993055555555556 0.541005291005291 0.4010416666666667 0.5426587301587301 0.40476190476190477 0.5419973544973545 0.42237103174603174 0.5370370370370371 0.42956349206349204 0.5370370370370371 0.4392361111111111 0.5618386243386243 0.48462301587301587 0.5654761904761905 0.5004960317460317 0.5582010582010583 0.5850694444444444 0.5482804232804233 0.6158234126984127 0.5251322751322751 0.6587301587301587 0.5244708994708994 0.6656746031746031 0.5320767195767195 0.6783234126984127 0.529431216931217 0.6832837301587301 0.49074074074074076 0.6775793650793651 0.4623015873015873 0.6785714285714286 0.4632936507936508 0.6827876984126984 0.515542328042328 0.6867559523809523 0.5267857142857143 0.6845238095238095 0.5363756613756614 0.6897321428571429 0.5390211640211641 0.7068452380952381 0.53505291005291 0.7165178571428571 0.5367063492063492 0.7212301587301587 0.5340608465608465 0.7346230158730159 0.5300925925925926 0.7385912698412699 0.5211640211640212 0.7410714285714286 0.5291005291005291 0.7440476190476191 0.531084656084656 0.7482638888888888 0.5231481481481481 0.7552083333333334 0.5119047619047619 0.7596726190476191 0.48048941798941797 0.7569444444444444 0.46593915343915343 0.7624007936507936 0.4494047619047619 0.7619047619047619 0.439484126984127 0.7562003968253969 0.435515873015873 0.7482638888888888 0.4193121693121693 0.7472718253968254 0.41435185185185186 0.7447916666666666 0.4126984126984127 0.7375992063492064 0.4183201058201058 0.7336309523809523 0.42493386243386244 0.7356150793650794 0.44907407407407407 0.7366071428571429 0.458994708994709 0.734375 0.4308862433862434 0.7326388888888888 0.4117063492063492 0.7289186507936508 0.4087301587301587 0.7249503968253969 0.4087301587301587 0.7155257936507936 0.41104497354497355 0.7083333333333334 0.414021164021164 0.7065972222222222 0.41104497354497355 0.7008928571428571 0.4123677248677249 0.6892361111111112 0.4183201058201058 0.6795634920634921 0.45205026455026454 0.6830357142857143 0.45535714285714285 0.6810515873015873 0.453042328042328 0.6753472222222222 0.43816137566137564 0.673859126984127 0.4212962962962963 0.6748511904761905 0.41964285714285715 0.6731150793650794 0.43154761904761907 0.6438492063492064 0.4437830687830688 0.6232638888888888 0.4348544973544973 0.6051587301587301 0.4279100529100529 0.5813492063492064 0.43816137566137564 0.498015873015873 0.44907407407407407 0.47346230158730157 0.48115079365079366 0.43601190476190477 0.4834656084656085 0.42857142857142855 0.4808201058201058 0.41790674603174605 0.48412698412698413 0.39955357142857145 0.48743386243386244 0.3968253968253968 0.5023148148148148 0.3960813492063492
2 0.09142195767195767 0.5400049603174604 0.1233234126984127 0.37068700396825394
2 0.22185185185185186 0.5529439484126983 0.13947089947089947 0.38168402777777777
2 0.343204365079365 0.5581522817460317 0.11101190476190476 0.37225694444444446
3 0.6468088624338625 0.0030319940476190477 0.7430353835978836 0.0064980158730158725 0.7450618386243386 0.11646825396825397 0.7482516534391535 0.2350248015873016 0.7393032407407407 0.28803199404761903 0.6020459656084656 0.27906646825396825 0.6291068121693122 0.20256200396825397 0.6371392195767196 0.14951140873015875 0.6371392195767196 0.09927157738095238 0.6460244708994709 0.03923338293650794
3 0.6414186507936508 0.0030319940476190477 0.6045621693121693 0 0.5454976851851852 0 0.537838955026455 0.0017527281746031746 0.537838955026455 0.030619295634920635 0.5227056878306878 0.07186185515873016 0.5031137566137566 0.13190426587301587 0.5017030423280423 0.15950719246031747 0.5016190476190476 0.22553025793650794 0.5016190476190476 0.2666822916666666 0.530864417989418 0.2789756944444444 0.581396164021164 0.2789756944444444 0.613636574074074 0.27844270833333334 0.6202374338624338 0.22103373015873015 0.6202374338624338 0.18304017857142857 0.639771164021164 0.12589161706349208 0.639771164021164 0.052916418650793655 0.640781746031746 0
3 0.4069503968253968 0 0.39166468253968256 0.07764955357142858 0.3835214947089947 0.15791617063492064 0.36934093915343913 0.24484697420634918 0.36934093915343913 0.2745699404761905 0.4311689814814815 0.2745699404761905 0.4704050925925926 0.27505555555555555 0.5058406084656085 0.27316468253968257 0.5015925925925926 0.21262896825396826 0.5015925925925926 0.16516046626984127 0.517978835978836 0.09898338293650794 0.5261795634920635 0.04803695436507936 0.5198789682539683 0.0028385416666666667