1 0.5373677248677249 0.3869047619047619 0.5575396825396826 0.39037698412698413 0.5591931216931217 0.40922619047619047 0.5545634920634921 0.41617063492063494 0.5539021164021164 0.42237103174603174 0.578042328042328 0.4732142857142857 0.5763888888888888 0.5441468253968254 0.5677910052910053 0.574156746031746 0.5542328042328042 0.5706845238095238 0.49107142857142855 0.5684523809523809 0.4834656084656085 0.5639880952380952 0.4801587301587302 0.5245535714285714 0.48214285714285715 0.4650297619047619 0.5 0.4402281746031746 0.5056216931216931 0.42857142857142855 0.5049603174603174 0.39732142857142855 0.5072751322751323 0.39037698412698413 0.5191798941798942 0.3871527777777778 0.5370370370370371 0.3869047619047619
1 0.0205026455026455 0.3742559523809524 0.046296296296296294 0.37648809523809523 0.05125661375661376 0.3804563492063492 0.052248677248677246 0.3913690476190476 0.04828042328042328 0.4007936507936508 0.04828042328042328 0.4107142857142857 0.06514550264550265 0.44568452380952384 0.0667989417989418 0.4568452380952381 0.06448412698412699 0.4652777777777778 0.06382275132275132 0.517609126984127 0.06977513227513228 0.5500992063492064 0.06613756613756613 0.5550595238095238 0.0539021164021164 0.5565476190476191 0 0.5548115079365079 0 0.390625 0.00496031746031746 0.3841765873015873 0.004629629629629629 0.376984126984127 0.02017195767195767 0.3742559523809524
1 0.24272486772486773 0.7209821428571429 0.2691798941798942 0.7209821428571429 0.27976190476190477 0.7237103174603174 0.27843915343915343 0.7581845238095238 0.2959656084656085 0.7938988095238095 0.30324074074074076 0.8035714285714286 0.30423280423280424 0.810515873015873 0.30357142857142855 0.8588789682539683 0.29993386243386244 0.8975694444444444 0.30423280423280424 0.9010416666666666 0.2959656084656085 0.9181547619047619 0.29365079365079366 0.9370039682539683 0.296957671957672 0.9635416666666666 0.2933201058201058 0.9670138888888888 0.2757936507936508 0.9665178571428571 0.2698412698412698 0.9702380952380952 0.2761243386243386 0.9761904761904762 0.2810846560846561 0.9774305555555556 0.28505291005291006 0.9831349206349206 0.2933201058201058 0.9833829365079365 0.2962962962962963 0.9774305555555556 0.3058862433862434 0.9806547619047619 0.30357142857142855 0.9878472222222222 0.30753968253968256 0.9915674603174603 0.2873677248677249 0.9910714285714286 0.2959656084656085 0.9878472222222222 0.2919973544973545 0.9853670634920635 0.2863756613756614 0.9868551587301587 0.2837301587301587 0.9898313492063492 0.26587301587301587 0.9933035714285714 0.23115079365079366 0.9925595238095238 0.1984126984126984 0.9878472222222222 0.20634920634920634 0.9719742063492064 0.23082010582010581 0.9722222222222222 0.23544973544973544 0.970734126984127 0.25892857142857145 0.9737103174603174 0.267526455026455 0.9670138888888888 0.2166005291005291 0.9650297619047619 0.210978835978836 0.9627976190476191 0.2080026455026455 0.9280753968253969 0.1984126984126984 0.8938492063492064 0.1917989417989418 0.8836805555555556 0.19477513227513227 0.8216765873015873 0.20634920634920634 0.8005952380952381 0.20932539682539683 0.7891865079365079 0.22817460317460317 0.7591765873015873 0.22982804232804233 0.7467757936507936 0.22685185185185186 0.7368551587301587 0.22883597883597884 0.7237103174603174 0.2337962962962963 0.7209821428571429 0.24239417989417988 0.7209821428571429
1 0.33664021164021163 0.38244047619047616 0.35185185185185186 0.3854166666666667 0.3551587301587302 0.39037698412698413 0.351521164021164 0.40773809523809523 0.35185185185185186 0.421875 0.3627645502645503 0.44915674603174605 0.3740079365079365 0.46651785714285715 0.37533068783068785 0.48214285714285715 0.37466931216931215 0.5213293650793651 0.3673941798941799 0.5607638888888888 0.3630952380952381 0.5627480158730159 0.3419312169312169 0.564484126984127 0.31746031746031744 0.5637400793650794 0.310515873015873 0.5674603174603174 0.32275132275132273 0.5721726190476191 0.34226190476190477 0.5721726190476191 0.3462301587301587 0.5744047619047619 0.34523809523809523 0.5907738095238095 0.3419312169312169 0.5922619047619048 0.33101851851851855 0.591765873015873 0.3201058201058201 0.5952380952380952 0.33134920634920634 0.5997023809523809 0.3419312169312169 0.5994543650793651 0.34523809523809523 0.6014384920634921 0.3449074074074074 0.6123511904761905 0.33895502645502645 0.6160714285714286 0.31084656084656087 0.6145833333333334 0.2896825396825397 0.6158234126984127 0.2794312169312169 0.6128472222222222 0.27976190476190477 0.5992063492063492 0.2926587301587302 0.5944940476190477 0.2876984126984127 0.5858134920634921 0.28835978835978837 0.5716765873015873 0.29662698412698413 0.5691964285714286 0.3002645502645503 0.5701884920634921 0.30357142857142855 0.5677083333333334 0.30357142857142855 0.5639880952380952 0.28406084656084657 0.5597718253968254 0.2794312169312169 0.5327380952380952 0.2724867724867725 0.5190972222222222 0.2751322751322751 0.4749503968253968 0.28075396825396826 0.4662698412698413 0.28505291005291006 0.44915674603174605 0.2976190476190476 0.4312996031746032 0.30456349206349204 0.41592261904761907 0.3039021164021164 0.40773809523809523 0.2996031746031746 0.3993055555555556 0.3012566137566138 0.3869047619047619 0.30687830687830686 0.38244047619047616 0.33630952380952384 0.38244047619047616
1 0.12301587301587301 0.37549603174603174 0.14384920634920634 0.37797619047619047 0.15046296296296297 0.3836805555555556 0.15178571428571427 0.39285714285714285 0.148478835978836 0.40401785714285715 0.1488095238095238 0.4149305555555556 0.16633597883597884 0.45907738095238093 0.16865079365079366 0.4724702380952381 0.1669973544973545 0.5230654761904762 0.17162698412698413 0.5329861111111112 0.17294973544973544 0.5543154761904762 0.16865079365079366 0.5582837301587301 0.13822751322751323 0.5590277777777778 0.10317460317460317 0.5560515873015873 0.09226190476190477 0.5577876984126984 0.07738095238095238 0.5560515873015873 0.06646825396825397 0.5178571428571429 0.06746031746031746 0.4677579365079365 0.08134920634920635 0.4375 0.09689153439153439 0.4114583333333333 0.09391534391534391 0.3802083333333333 0.09953703703703703 0.3759920634920635 0.12268518518518519 0.37549603174603174
1 0.46130952380952384 0.7289186507936508 0.4937169312169312 0.7306547619047619 0.5023148148148148 0.7333829365079365 0.503968253968254 0.7385912698412699 0.49966931216931215 0.7512400793650794 0.5006613756613757 0.7586805555555556 0.5158730158730159 0.7787698412698413 0.5284391534391535 0.8082837301587301 0.5251322751322751 0.8943452380952381 0.5181878306878307 0.9094742063492064 0.5142195767195767 0.9310515873015873 0.5148809523809523 0.9513888888888888 0.5185185185185185 0.9670138888888888 0.5185185185185185 0.9739583333333334 0.5148809523809523 0.9769345238095238 0.4322089947089947 0.9737103174603174 0.42493386243386244 0.972718253968254 0.419973544973545 0.9670138888888888 0.42658730158730157 0.935515873015873 0.42493386243386244 0.917906746031746 0.4269179894179894 0.9097222222222222 0.4193121693121693 0.8774801587301587 0.4203042328042328 0.816468253968254 0.42493386243386244 0.7998511904761905 0.44742063492063494 0.7715773809523809 0.455026455026455 0.7559523809523809 0.45634920634920634 0.7514880952380952 0.4513888888888889 0.7415674603174603 0.4513888888888889 0.7309027777777778 0.453042328042328 0.7291666666666666 0.460978835978836 0.7289186507936508
1 0.4351851851851852 0.3834325396825397 0.4523809523809524 0.3851686507936508 0.4566798941798942 0.3878968253968254 0.45866402116402116 0.4045138888888889 0.4546957671957672 0.4146825396825397 0.45535714285714285 0.42782738095238093 0.4738756613756614 0.46130952380952384 0.47883597883597884 0.47966269841269843 0.47585978835978837 0.5295138888888888 0.478505291005291 0.5642361111111112 0.4722222222222222 0.5674603174603174 0.4523809523809524 0.5672123015873016 0.44675925925925924 0.5706845238095238 0.4494047619047619 0.5739087301587301 0.4632936507936508 0.5753968253968254 0.4685846560846561 0.578125 0.46825396825396826 0.5930059523809523 0.46130952380952384 0.5992063492063492 0.4699074074074074 0.605406746031746 0.4689153439153439 0.6185515873015873 0.4669312169312169 0.6205357142857143 0.42824074074074076 0.6205357142857143 0.42228835978835977 0.623015873015873 0.46064814814814814 0.6254960317460317 0.4679232804232804 0.6277281746031746 0.46593915343915343 0.6369047619047619 0.45006613756613756 0.6458333333333334 0.4427910052910053 0.6470734126984127 0.42493386243386244 0.6443452380952381 0.390542328042328 0.6448412698412699 0.38227513227513227 0.6374007936507936 0.38227513227513227 0.6264880952380952 0.38921957671957674 0.6197916666666666 0.38293650793650796 0.6063988095238095 0.38525132275132273 0.6011904761904762 0.4113756613756614 0.5994543650793651 0.4252645502645503 0.6016865079365079 0.45337301587301587 0.5984623015873016 0.4497354497354497 0.5962301587301587 0.4289021164021164 0.5964781746031746 0.421957671957672 0.5939980158730159 0.4080687830687831 0.5972222222222222 0.3872354497354497 0.591765873015873 0.3872354497354497 0.5845734126984127 0.38326719576719576 0.5848214285714286 0.38492063492063494 0.5815972222222222 0.3819444444444444 0.5778769841269841 0.3978174603174603 0.5719246031746031 0.4001322751322751 0.5677083333333334 0.38855820105820105 0.5642361111111112 0.38293650793650796 0.5572916666666666 0.38392857142857145 0.5528273809523809 0.37632275132275134 0.5267857142857143 0.3783068783068783 0.4756944444444444 0.3826058201058201 0.4603174603174603 0.4060846560846561 0.42162698412698413 0.4044312169312169 0.3888888888888889 0.4117063492063492 0.38318452380952384 0.4348544973544973 0.3834325396825397
1 0.3429232804232804 0.7239583333333334 0.38855820105820105 0.7274305555555556 0.39021164021164023 0.738343253968254 0.3855820105820106 0.7514880952380952 0.38591269841269843 0.7581845238095238 0.4070767195767196 0.7966269841269841 0.4156746031746032 0.8231646825396826 0.41435185185185186 0.8807043650793651 0.4117063492063492 0.8883928571428571 0.4011243386243386 0.8980654761904762 0.40244708994708994 0.9288194444444444 0.398478835978836 0.9387400793650794 0.4007936507936508 0.9437003968253969 0.39814814814814814 0.9484126984126984 0.39384920634920634 0.9471726190476191 0.3912037037037037 0.9598214285714286 0.3915343915343915 0.9677579365079365 0.4007936507936508 0.9682539682539683 0.4041005291005291 0.9702380952380952 0.37896825396825395 0.9719742063492064 0.3376322751322751 0.9692460317460317 0.32572751322751325 0.966765873015873 0.3151455026455027 0.9074900793650794 0.3039021164021164 0.8844246031746031 0.30687830687830686 0.8273809523809523 0.3210978835978836 0.7943948412698413 0.3406084656084656 0.7601686507936508 0.3416005291005291 0.7524801587301587 0.3369708994708995 0.7450396825396826 0.33664021164021163 0.7371031746031746 0.33796296296296297 0.7269345238095238 0.3425925925925926 0.7239583333333334
1 0.12367724867724868 0.7157738095238095 0.16170634920634921 0.7170138888888888 0.17096560846560846 0.7199900793650794 0.16765873015873015 0.7410714285714286 0.16997354497354497 0.7504960317460317 0.18121693121693122 0.7698412698412699 0.18981481481481483 0.7795138888888888 0.19775132275132276 0.8045634920634921 0.19146825396825398 0.8206845238095238 0.18915343915343916 0.8767361111111112 0.20171957671957672 0.9216269841269841 0.2046957671957672 0.9389880952380952 0.20337301587301587 0.9563492063492064 0.19642857142857142 0.9605654761904762 0.16435185185185186 0.9610615079365079 0.15145502645502645 0.9630456349206349 0.14417989417989419 0.9600694444444444 0.1402116402116402 0.9623015873015873 0.09193121693121693 0.9565972222222222 0.0873015873015873 0.9528769841269841 0.09226190476190477 0.9278273809523809 0.08101851851851852 0.894593253968254 0.08300264550264551 0.855406746031746 0.08068783068783068 0.8087797619047619 0.09854497354497355 0.78125 0.11011904761904762 0.7693452380952381 0.11805555555555555 0.7552083333333334 0.12103174603174603 0.7413194444444444 0.1164021164021164 0.7346230158730159 0.1173941798941799 0.7199900793650794 0.11904761904761904 0.7165178571428571 0.12334656084656084 0.7157738095238095
1 0.21329365079365079 0.37797619047619047 0.24503968253968253 0.37996031746031744 0.2523148148148148 0.3864087301587302 0.24834656084656084 0.40401785714285715 0.24801587301587302 0.42038690476190477 0.251984126984127 0.4392361111111111 0.25396825396825395 0.44642857142857145 0.26521164021164023 0.4573412698412698 0.2724867724867725 0.4712301587301587 0.27116402116402116 0.5307539682539683 0.2671957671957672 0.5431547619047619 0.2671957671957672 0.560515873015873 0.23842592592592593 0.5629960317460317 0.2175925925925926 0.5610119047619048 0.19212962962962962 0.5622519841269841 0.1822089947089947 0.5597718253968254 0.17989417989417988 0.5562996031746031 0.17526455026455026 0.5267857142857143 0.16997354497354497 0.5203373015873016 0.1703042328042328 0.4732142857142857 0.17989417989417988 0.45610119047619047 0.1818783068783069 0.44642857142857145 0.19940476190476192 0.4166666666666667 0.19940476190476192 0.37996031746031744 0.21296296296296297 0.37822420634920634
2 0.02943121693121693 0 0.09656084656084656 0 0.12367724867724868 0.046378968253968256 0.12367724867724868 0.12003968253968254 0.12632275132275134 0.14310515873015872 0.12301587301587301 0.1579861111111111 0.10945767195767196 0.17509920634920634 0.11011904761904762 0.19072420634920634 0.028439153439153438 0.18973214285714285 0.018849206349206348 0.1875 0.011243386243386243 0.17336309523809523 0 0.13839285714285715 0 0.07564484126984126 0.002976190476190476 0.07043650793650794 0.001984126984126984 0.04290674603174603 0.003968253968253968 0.03273809523809524 0.01521164021164021 0.015376984126984126 0.02943121693121693 0.000248015873015873
2 0.15079365079365079 0 0.2208994708994709 0 0.22420634920634921 0.004216269841269841 0.24206349206349206 0.03125 0.24933862433862433 0.0496031746031746 0.25033068783068785 0.13864087301587302 0.24834656084656084 0.15401785714285715 0.23346560846560846 0.17733134920634921 0.23644179894179895 0.1884920634920635 0.2347883597883598 0.19122023809523808 0.17162698412698413 0.19146825396825398 0.15046296296296297 0.19072420634920634 0.14715608465608465 0.18898809523809523 0.13326719576719576 0.1579861111111111 0.1259920634920635 0.12698412698412698 0.12698412698412698 0.038938492063492064 0.13260582010582012 0.0248015873015873 0.15079365079365079 0.000248015873015873
2 0.3158399470899471 0.1434623015873016 0.12554563492063492 0.2869246031746032
2 0.45996031746031746 0.14412450396825396 0.15751653439153437 0.27863839285714287