1 0.6646825396825397 0.17981150793650794 0.6716269841269841 0.18377976190476192 0.6812169312169312 0.18501984126984128 0.6785714285714286 0.1996527777777778 0.6752645502645502 0.20709325396825398 0.6574074074074074 0.20932539682539683 0.654431216931217 0.21354166666666666 0.6752645502645502 0.21924603174603174 0.6818783068783069 0.23759920634920634 0.6755952380952381 0.24131944444444445 0.6438492063492064 0.24280753968253968 0.6428571428571429 0.2452876984126984 0.6468253968253969 0.2482638888888889 0.6613756613756614 0.24751984126984128 0.6779100529100529 0.2517361111111111 0.6795634920634921 0.25595238095238093 0.6765873015873016 0.27232142857142855 0.6683201058201058 0.27653769841269843 0.644510582010582 0.27802579365079366 0.5849867724867724 0.2767857142857143 0.5691137566137566 0.2725694444444444 0.5625 0.2517361111111111 0.5701058201058201 0.24851190476190477 0.6127645502645502 0.24776785714285715 0.6213624338624338 0.2442956349206349 0.6197089947089947 0.24156746031746032 0.5704365079365079 0.24032738095238096 0.5618386243386243 0.23759920634920634 0.5615079365079365 0.22842261904761904 0.5654761904761905 0.21924603174603174 0.6084656084656085 0.21428571428571427 0.6154100529100529 0.21651785714285715 0.6372354497354498 0.21626984126984128 0.6488095238095238 0.2130456349206349 0.6448412698412699 0.20907738095238096 0.5674603174603174 0.20808531746031747 0.5634920634920635 0.20238095238095238 0.560515873015873 0.1840277777777778 0.5641534391534392 0.1800595238095238 0.6309523809523809 0.18129960317460317 0.6643518518518519 0.17981150793650794
1 0.054563492063492064 0 0.07903439153439154 0 0.08134920634920635 0.002976190476190476 0.08961640211640212 0.001984126984126984 0.09027777777777778 0 0.09490740740740741 0 0.09755291005291006 0.002232142857142857 0.10052910052910052 0 0.12698412698412698 0 0.15244708994708994 0.05084325396825397 0.15343915343915343 0.13194444444444445 0.15641534391534392 0.15749007936507936 0.15443121693121692 0.1626984126984127 0.11871693121693122 0.16567460317460317 0.11408730158730158 0.16815476190476192 0.11574074074074074 0.17237103174603174 0.13392857142857142 0.17485119047619047 0.14153439153439154 0.17881944444444445 0.1455026455026455 0.1922123015873016 0.14252645502645503 0.1996527777777778 0.1335978835978836 0.2021329365079365 0.09887566137566138 0.2013888888888889 0.09027777777777778 0.20287698412698413 0.08862433862433862 0.20535714285714285 0.09556878306878307 0.2088293650793651 0.1164021164021164 0.21006944444444445 0.12632275132275134 0.21329365079365079 0.1345899470899471 0.21354166666666666 0.13855820105820105 0.21850198412698413 0.1388888888888889 0.23115079365079366 0.13624338624338625 0.23387896825396826 0.10912698412698413 0.23660714285714285 0.10515873015873016 0.23883928571428573 0.09226190476190477 0.23462301587301587 0.0496031746031746 0.23487103174603174 0.036375661375661374 0.2309027777777778 0.03835978835978836 0.21726190476190477 0.04332010582010582 0.21081349206349206 0.05357142857142857 0.2088293650793651 0.06812169312169312 0.2095734126984127 0.07605820105820106 0.20634920634920634 0.07374338624338625 0.20262896825396826 0.06911375661375661 0.20163690476190477 0.04298941798941799 0.2003968253968254 0.03670634920634921 0.18229166666666666 0.037698412698412696 0.17857142857142858 0.04828042328042328 0.17385912698412698 0.06415343915343916 0.1746031746031746 0.06812169312169312 0.17311507936507936 0.0744047619047619 0.1753472222222222 0.0958994708994709 0.17509920634920634 0.10615079365079365 0.1746031746031746 0.10912698412698413 0.17212301587301587 0.10912698412698413 0.16790674603174602 0.105489417989418 0.16393849206349206 0.04133597883597884 0.1636904761904762 0.03273809523809524 0.16220238095238096 0.0291005291005291 0.15773809523809523 0.02513227513227513 0.13740079365079366 0.02546296296296296 0.04712301587301587 0.054563492063492064 0.000248015873015873
1 0.37996031746031744 0.40600198412698413 0.41865079365079366 0.40649801587301587 0.4255952380952381 0.40947420634920634 0.42857142857142855 0.42410714285714285 0.4255952380952381 0.43526785714285715 0.42857142857142855 0.4600694444444444 0.43683862433862436 0.47842261904761907 0.4513888888888889 0.49776785714285715 0.460978835978836 0.5188492063492064 0.458994708994709 0.6004464285714286 0.45601851851851855 0.6091269841269841 0.4556878306878307 0.6254960317460317 0.4427910052910053 0.640625 0.44642857142857145 0.6507936507936508 0.43617724867724866 0.6612103174603174 0.43783068783068785 0.6681547619047619 0.43154761904761907 0.6748511904761905 0.43287037037037035 0.6800595238095238 0.42857142857142855 0.6862599206349206 0.4269179894179894 0.6961805555555556 0.41865079365079366 0.6989087301587301 0.3802910052910053 0.6984126984126984 0.3776455026455027 0.7023809523809523 0.38293650793650796 0.7058531746031746 0.38855820105820105 0.7043650793650794 0.4011243386243386 0.7061011904761905 0.4146825396825397 0.7036210317460317 0.42658730158730157 0.7088293650793651 0.4298941798941799 0.7202380952380952 0.42757936507936506 0.7313988095238095 0.41369047619047616 0.734375 0.42394179894179895 0.7366071428571429 0.4279100529100529 0.7398313492063492 0.42857142857142855 0.7457837301587301 0.4341931216931217 0.7462797619047619 0.4427910052910053 0.7517361111111112 0.44246031746031744 0.7559523809523809 0.42724867724867727 0.7609126984126984 0.42592592592592593 0.7718253968253969 0.41865079365079366 0.7827380952380952 0.4113756613756614 0.7864583333333334 0.4007936507936508 0.7879464285714286 0.3835978835978836 0.7859623015873016 0.373015873015873 0.7715773809523809 0.37103174603174605 0.7757936507936508 0.3551587301587302 0.783234126984127 0.3416005291005291 0.7827380952380952 0.3343253968253968 0.7785218253968254 0.32671957671957674 0.7658730158730159 0.33134920634920634 0.7619047619047619 0.3373015873015873 0.7621527777777778 0.3412698412698413 0.7589285714285714 0.33035714285714285 0.7549603174603174 0.32572751322751325 0.7452876984126984 0.32605820105820105 0.7415674603174603 0.3306878306878307 0.7375992063492064 0.34656084656084657 0.7321428571428571 0.3462301587301587 0.730406746031746 0.3416005291005291 0.730406746031746 0.33564814814814814 0.7271825396825397 0.34093915343915343 0.7108134920634921 0.3455687830687831 0.7063492063492064 0.36673280423280424 0.7033730158730159 0.3673941798941799 0.6994047619047619 0.3627645502645503 0.6964285714285714 0.3455687830687831 0.6959325396825397 0.3376322751322751 0.6927083333333334 0.3425925925925926 0.6887400793650794 0.34226190476190477 0.6783234126984127 0.33101851851851855 0.6510416666666666 0.32671957671957674 0.6274801587301587 0.32671957671957674 0.609375 0.32275132275132273 0.5999503968253969 0.3247354497354497 0.5391865079365079 0.32705026455026454 0.5267857142857143 0.3349867724867725 0.5119047619047619 0.3369708994708995 0.49776785714285715 0.35714285714285715 0.470734126984127 0.36706349206349204 0.45014880952380953 0.3680555555555556 0.43725198412698413 0.3644179894179894 0.4260912698412698 0.36574074074074076 0.4087301587301587 0.3697089947089947 0.40625 0.37962962962962965 0.40600198412698413
1 0.38392857142857145 0.17633928571428573 0.4044312169312169 0.1817956349206349 0.4074074074074074 0.18551587301587302 0.4044312169312169 0.1949404761904762 0.40046296296296297 0.19419642857142858 0.3974867724867725 0.20287698412698413 0.3941798941798942 0.1996527777777778 0.39186507936507936 0.20386904761904762 0.38392857142857145 0.20634920634920634 0.3478835978835979 0.2058531746031746 0.33796296296296297 0.20982142857142858 0.3835978835978836 0.21354166666666666 0.40046296296296297 0.21676587301587302 0.40476190476190477 0.21949404761904762 0.4123677248677249 0.234375 0.3941798941798942 0.23859126984126985 0.3802910052910053 0.23809523809523808 0.37896825396825395 0.24057539682539683 0.3869047619047619 0.24503968253968253 0.4050925925925926 0.2482638888888889 0.41005291005291006 0.2517361111111111 0.4070767195767196 0.25496031746031744 0.40773809523809523 0.2586805555555556 0.41369047619047616 0.26240079365079366 0.41534391534391535 0.26612103174603174 0.4113756613756614 0.27157738095238093 0.4044312169312169 0.2700892857142857 0.4011243386243386 0.27331349206349204 0.31216931216931215 0.2720734126984127 0.3002645502645503 0.2710813492063492 0.29728835978835977 0.2690972222222222 0.2986111111111111 0.25 0.30423280423280424 0.24553571428571427 0.32142857142857145 0.24479166666666666 0.3263888888888889 0.24131944444444445 0.32043650793650796 0.23834325396825398 0.3039021164021164 0.23735119047619047 0.296957671957672 0.234375 0.2986111111111111 0.21676587301587302 0.30357142857142855 0.2123015873015873 0.32705026455026454 0.21205357142857142 0.33035714285714285 0.21006944444444445 0.328042328042328 0.20535714285714285 0.31415343915343913 0.2058531746031746 0.30787037037037035 0.20337301587301587 0.3048941798941799 0.18725198412698413 0.30687830687830686 0.17981150793650794 0.31746031746031744 0.1765873015873016 0.3835978835978836 0.17633928571428573
1 0.15542328042328044 0.8883928571428571 0.24206349206349206 0.8923611111111112 0.2585978835978836 0.8940972222222222 0.26686507936507936 0.8970734126984127 0.27645502645502645 0.9216269841269841 0.27744708994708994 0.9888392857142857 0.273478835978836 0.9997519841269841 0.23842592592592593 0.9997519841269841 0.23809523809523808 0.9977678571428571 0.23148148148148148 0.9975198412698413 0.2218915343915344 0.998015873015873 0.22156084656084657 0.9997519841269841 0.11805555555555555 0.9997519841269841 0.11607142857142858 0.9479166666666666 0.11871693121693122 0.9285714285714286 0.13293650793650794 0.9010416666666666 0.14484126984126985 0.8901289682539683 0.1550925925925926 0.8883928571428571
1 0.23082010582010581 0.4025297619047619 0.27645502645502645 0.40327380952380953 0.2876984126984127 0.4052579365079365 0.2900132275132275 0.4211309523809524 0.2847222222222222 0.43973214285714285 0.28835978835978837 0.453125 0.2976190476190476 0.4739583333333333 0.3187830687830688 0.49776785714285715 0.32341269841269843 0.5081845238095238 0.32175925925925924 0.6403769841269841 0.31845238095238093 0.6728670634920635 0.3210978835978836 0.6773313492063492 0.33134920634920634 0.6812996031746031 0.3316798941798942 0.6857638888888888 0.32771164021164023 0.6912202380952381 0.3187830687830688 0.6937003968253969 0.24768518518518517 0.6944444444444444 0.2404100529100529 0.6959325396825397 0.2509920634920635 0.7013888888888888 0.2853835978835979 0.7033730158730159 0.2933201058201058 0.7083333333333334 0.30357142857142855 0.7068452380952381 0.3101851851851852 0.7100694444444444 0.31382275132275134 0.7182539682539683 0.3177910052910053 0.7132936507936508 0.31746031746031744 0.7222222222222222 0.310515873015873 0.7214781746031746 0.30753968253968256 0.7244543650793651 0.29894179894179895 0.7224702380952381 0.2863756613756614 0.7289186507936508 0.2705026455026455 0.7284226190476191 0.265542328042328 0.7309027777777778 0.2708333333333333 0.7351190476190477 0.2757936507936508 0.7326388888888888 0.2830687830687831 0.7326388888888888 0.2933201058201058 0.7368551587301587 0.30456349206349204 0.7378472222222222 0.30853174603174605 0.7410714285714286 0.31117724867724866 0.7485119047619048 0.3072089947089947 0.7527281746031746 0.2933201058201058 0.7566964285714286 0.28505291005291006 0.7723214285714286 0.2791005291005291 0.7765376984126984 0.25992063492063494 0.7795138888888888 0.251984126984127 0.7777777777777778 0.2447089947089947 0.7700892857142857 0.2337962962962963 0.7715773809523809 0.2222222222222222 0.7765376984126984 0.20965608465608465 0.7765376984126984 0.19907407407407407 0.769593253968254 0.19510582010582012 0.7628968253968254 0.1970899470899471 0.7604166666666666 0.20734126984126985 0.7591765873015873 0.20932539682539683 0.7552083333333334 0.19246031746031747 0.7522321428571429 0.1884920634920635 0.7482638888888888 0.18915343915343916 0.7333829365079365 0.21461640211640212 0.7306547619047619 0.20965608465608465 0.7261904761904762 0.1884920634920635 0.7242063492063492 0.19113756613756613 0.7013888888888888 0.19246031746031747 0.6999007936507936 0.19940476190476192 0.7013888888888888 0.23082010582010581 0.7001488095238095 0.23247354497354497 0.6969246031746031 0.230489417989418 0.6941964285714286 0.2003968253968254 0.691468253968254 0.19775132275132276 0.6897321428571429 0.19874338624338625 0.6612103174603174 0.19378306878306878 0.6398809523809523 0.18518518518518517 0.6222718253968254 0.1875 0.515625 0.19246031746031747 0.5017361111111112 0.20502645502645503 0.4833829365079365 0.2152777777777778 0.4729662698412698 0.22850529100529102 0.4461805555555556 0.2294973544973545 0.4312996031746032 0.2251984126984127 0.42162698412698413 0.22486772486772486 0.41021825396825395 0.22552910052910052 0.4045138888888889 0.230489417989418 0.4027777777777778
1 0.626984126984127 0.9097222222222222 0.6636904761904762 0.9097222222222222 0.7400793650793651 0.9141865079365079 0.7483465608465608 0.9171626984126984 0.7490079365079365 0.9357638888888888 0.7407407407407407 0.9997519841269841 0.6838624338624338 0.9997519841269841 0.6822089947089947 0.9965277777777778 0.6755952380952381 0.9957837301587301 0.6610449735449735 0.9977678571428571 0.66005291005291 0.9997519841269841 0.5992063492063492 0.9997519841269841 0.6008597883597884 0.9459325396825397 0.59755291005291 0.9360119047619048 0.5972222222222222 0.9114583333333334 0.6266534391534392 0.9097222222222222
1 0.25496031746031744 0.1746031746031746 0.26091269841269843 0.17881944444444445 0.2569444444444444 0.20064484126984128 0.25165343915343913 0.20510912698412698 0.22718253968253968 0.20461309523809523 0.22486772486772486 0.21006944444444445 0.25165343915343913 0.2105654761904762 0.2605820105820106 0.21453373015873015 0.27215608465608465 0.22569444444444445 0.27314814814814814 0.23412698412698413 0.265542328042328 0.23685515873015872 0.2542989417989418 0.23735119047619047 0.251984126984127 0.24131944444444445 0.25496031746031744 0.24379960317460317 0.2794312169312169 0.2472718253968254 0.28604497354497355 0.251984126984127 0.2876984126984127 0.26884920634920634 0.2390873015873016 0.27157738095238093 0.1712962962962963 0.2700892857142857 0.16302910052910052 0.26537698412698413 0.16203703703703703 0.2544642857142857 0.16534391534391535 0.24553571428571427 0.1693121693121693 0.24379960317460317 0.20304232804232805 0.24280753968253968 0.20634920634920634 0.24057539682539683 0.2166005291005291 0.24330357142857142 0.23743386243386244 0.24330357142857142 0.24404761904761904 0.2408234126984127 0.2447089947089947 0.23759920634920634 0.16832010582010581 0.23586309523809523 0.16335978835978837 0.23412698412698413 0.1626984126984127 0.23040674603174602 0.16832010582010581 0.2170138888888889 0.17857142857142858 0.21031746031746032 0.21064814814814814 0.20684523809523808 0.207010582010582 0.20287698412698413 0.2037037037037037 0.20461309523809523 0.1960978835978836 0.203125 0.17857142857142858 0.20461309523809523 0.17427248677248677 0.19940476190476192 0.1746031746031746 0.17906746031746032 0.17824074074074073 0.1753472222222222 0.23776455026455026 0.17609126984126985 0.25462962962962965 0.1746031746031746
1 0.5443121693121693 0.40649801587301587 0.5608465608465608 0.4079861111111111 0.5658068783068783 0.4114583333333333 0.5677910052910053 0.4337797619047619 0.5628306878306878 0.44419642857142855 0.5625 0.45634920634920634 0.566468253968254 0.46726190476190477 0.5968915343915344 0.5146329365079365 0.5992063492063492 0.5324900793650794 0.5965608465608465 0.6059027777777778 0.5886243386243386 0.6192956349206349 0.5773809523809523 0.6525297619047619 0.5740740740740741 0.6743551587301587 0.576058201058201 0.685515873015873 0.5740740740740741 0.6994047619047619 0.5572089947089947 0.7043650793650794 0.5472883597883598 0.7026289682539683 0.5287698412698413 0.7036210317460317 0.5145502645502645 0.7013888888888888 0.49437830687830686 0.7016369047619048 0.4861111111111111 0.6994047619047619 0.484457671957672 0.6884920634920635 0.4708994708994709 0.6684027777777778 0.46726190476190477 0.6128472222222222 0.4623015873015873 0.6059027777777778 0.46296296296296297 0.5322420634920635 0.4652777777777778 0.5190972222222222 0.4722222222222222 0.5042162698412699 0.49867724867724866 0.46825396825396826 0.5033068783068783 0.45808531746031744 0.5062830687830688 0.4446924603174603 0.5062830687830688 0.43874007936507936 0.5016534391534392 0.4322916666666667 0.5033068783068783 0.41096230158730157 0.5085978835978836 0.40773809523809523 0.5439814814814815 0.40649801587301587
1 0.48478835978835977 0.1775793650793651 0.5297619047619048 0.17981150793650794 0.5353835978835979 0.18427579365079366 0.5324074074074074 0.20684523809523808 0.48677248677248675 0.20684523809523808 0.476521164021164 0.20932539682539683 0.4775132275132275 0.21155753968253968 0.48743386243386244 0.21478174603174602 0.5234788359788359 0.21676587301587302 0.5251322751322751 0.2244543650793651 0.5300925925925926 0.22569444444444445 0.5320767195767195 0.23065476190476192 0.531084656084656 0.23735119047619047 0.5257936507936508 0.2408234126984127 0.4818121693121693 0.24131944444444445 0.482473544973545 0.24479166666666666 0.48544973544973546 0.24578373015873015 0.529431216931217 0.24677579365079366 0.5317460317460317 0.25148809523809523 0.5291005291005291 0.2725694444444444 0.49206349206349204 0.27554563492063494 0.43452380952380953 0.27306547619047616 0.43253968253968256 0.26711309523809523 0.4365079365079365 0.24950396825396826 0.4460978835978836 0.24379960317460317 0.453042328042328 0.2442956349206349 0.4626322751322751 0.24107142857142858 0.45337301587301587 0.23883928571428573 0.44246031746031744 0.2400793650793651 0.42923280423280424 0.2378472222222222 0.42824074074074076 0.23586309523809523 0.435515873015873 0.2204861111111111 0.4523809523809524 0.2140376984126984 0.45535714285714285 0.21031746031746032 0.45271164021164023 0.20634920634920634 0.44576719576719576 0.2058531746031746 0.44146825396825395 0.203125 0.44146825396825395 0.18229166666666666 0.44841269841269843 0.17881944444444445 0.48115079365079366 0.17956349206349206 0.484457671957672 0.1775793650793651
1 0.6821031746031746 0.5830803571428571 0.16049933862433863 0.3873883928571429