1 0.9487433862433863 0.40401785714285715 0.9738756613756614 0.40600198412698413 0.9768518518518519 0.408234126984127 0.9778439153439153 0.4263392857142857 0.9728835978835979 0.4419642857142857 0.9758597883597884 0.46056547619047616 0.9940476190476191 0.49503968253968256 0.9976851851851852 0.5248015873015873 0.9996693121693122 0.5260416666666666 0.9996693121693122 0.6086309523809523 0.9953703703703703 0.6123511904761905 0.9943783068783069 0.6262400793650794 0.986441798941799 0.640625 0.9831349206349206 0.6540178571428571 0.9837962962962963 0.6612103174603174 0.9910714285714286 0.6644345238095238 0.9914021164021164 0.6686507936507936 0.9877645502645502 0.6713789682539683 0.984457671957672 0.6688988095238095 0.9768518518518519 0.6713789682539683 0.9702380952380952 0.6845238095238095 0.968915343915344 0.6934523809523809 0.9603174603174603 0.6959325396825397 0.890542328042328 0.6949404761904762 0.855489417989418 0.6904761904761905 0.8488756613756614 0.6837797619047619 0.8518518518518519 0.6361607142857143 0.8561507936507936 0.623015873015873 0.855489417989418 0.6098710317460317 0.8591269841269841 0.6021825396825397 0.8647486772486772 0.5453869047619048 0.8650793650793651 0.5314980158730159 0.8617724867724867 0.5233134920634921 0.861441798941799 0.5119047619047619 0.8892195767195767 0.48387896825396826 0.9083994708994709 0.45337301587301587 0.9133597883597884 0.4322916666666667 0.9113756613756614 0.4236111111111111 0.9150132275132276 0.408234126984127 0.9252645502645502 0.40476190476190477 0.9484126984126984 0.40401785714285715
1 0.7946428571428571 0 0.8630952380952381 0 0.8802910052910053 0.03249007936507937 0.8888888888888888 0.061755952380952384 0.8835978835978836 0.1349206349206349 0.8806216931216931 0.15079365079365079 0.8743386243386243 0.16294642857142858 0.8478835978835979 0.16765873015873015 0.841931216931217 0.16493055555555555 0.8296957671957672 0.16393849206349206 0.8101851851851852 0.16393849206349206 0.8035714285714286 0.16567460317460317 0.7552910052910053 0.15848214285714285 0.7526455026455027 0.15376984126984128 0.7526455026455027 0.14384920634920634 0.7585978835978836 0.06299603174603174 0.7645502645502645 0.04712301587301587 0.78505291005291 0.018601190476190476 0.7946428571428571 0.000248015873015873
1 0.9292328042328042 0 0.9963624338624338 0 0.9996693121693122 0.00496031746031746 0.9996693121693122 0.05927579365079365 0.9976851851851852 0.0597718253968254 0.9966931216931217 0.06919642857142858 0.9966931216931217 0.078125 0.9996693121693122 0.08060515873015874 0.9996693121693122 0.16741071428571427 0.9950396825396826 0.1701388888888889 0.9841269841269841 0.17038690476190477 0.9391534391534392 0.16666666666666666 0.9209656084656085 0.16741071428571427 0.8869047619047619 0.16220238095238096 0.8845899470899471 0.1527777777777778 0.890542328042328 0.07316468253968254 0.8948412698412699 0.06076388888888889 0.9041005291005291 0.04985119047619048 0.9292328042328042 0.000248015873015873
1 0.8068783068783069 0.3998015873015873 0.8277116402116402 0.4007936507936508 0.8353174603174603 0.40575396825396826 0.8349867724867724 0.42584325396825395 0.8303571428571429 0.4375 0.8313492063492064 0.45337301587301587 0.8544973544973545 0.49776785714285715 0.8571428571428571 0.5228174603174603 0.8624338624338624 0.535218253968254 0.8571428571428571 0.5982142857142857 0.84755291005291 0.6160714285714286 0.843915343915344 0.6510416666666666 0.8379629629629629 0.6569940476190477 0.833994708994709 0.6676587301587301 0.833994708994709 0.6852678571428571 0.8293650793650794 0.6899801587301587 0.8095238095238095 0.6959325396825397 0.8283730158730159 0.7003968253968254 0.8313492063492064 0.7028769841269841 0.8313492063492064 0.720734126984127 0.8187830687830688 0.7271825396825397 0.830026455026455 0.732390873015873 0.8310185185185185 0.7447916666666666 0.8336640211640212 0.7482638888888888 0.8283730158730159 0.7549603174603174 0.8316798941798942 0.7562003968253969 0.833994708994709 0.7621527777777778 0.8230820105820106 0.7728174603174603 0.8075396825396826 0.7775297619047619 0.7946428571428571 0.7762896825396826 0.7827380952380952 0.769593253968254 0.7764550264550265 0.7688492063492064 0.7668650793650794 0.7738095238095238 0.7579365079365079 0.7755456349206349 0.7433862433862434 0.7733134920634921 0.7354497354497355 0.7698412698412699 0.7298280423280423 0.765625 0.7265211640211641 0.7579365079365079 0.7357804232804233 0.7517361111111112 0.7136243386243386 0.7462797619047619 0.7086640211640212 0.7378472222222222 0.7099867724867724 0.7281746031746031 0.7301587301587301 0.7239583333333334 0.7126322751322751 0.7214781746031746 0.7080026455026455 0.7068452380952381 0.708994708994709 0.699156746031746 0.716931216931217 0.6961805555555556 0.7516534391534392 0.6971726190476191 0.7622354497354498 0.6946924603174603 0.7688492063492064 0.6969246031746031 0.7999338624338624 0.6989087301587301 0.8039021164021164 0.6961805555555556 0.7999338624338624 0.6907242063492064 0.7837301587301587 0.6909722222222222 0.7764550264550265 0.6887400793650794 0.7437169312169312 0.6902281746031746 0.7222222222222222 0.6872519841269841 0.7159391534391535 0.6822916666666666 0.7142857142857143 0.6713789682539683 0.7179232804232805 0.6515376984126984 0.7175925925925926 0.628968253968254 0.71494708994709 0.6192956349206349 0.7212301587301587 0.5922619047619048 0.7271825396825397 0.5007440476190477 0.7447089947089947 0.48214285714285715 0.7516534391534392 0.4791666666666667 0.7688492063492064 0.44990079365079366 0.7724867724867724 0.43625992063492064 0.7728174603174603 0.42782738095238093 0.7698412698412699 0.421875 0.7724867724867724 0.404265873015873 0.7824074074074074 0.40054563492063494 0.8065476190476191 0.3998015873015873
1 0.6597222222222222 0 0.730489417989418 0 0.7334656084656085 0.009424603174603174 0.7490079365079365 0.036458333333333336 0.7546296296296297 0.0625 0.75 0.13392857142857142 0.7400793650793651 0.15848214285714285 0.7258597883597884 0.1609623015873016 0.7202380952380952 0.16393849206349206 0.7136243386243386 0.16393849206349206 0.703042328042328 0.15997023809523808 0.6683201058201058 0.1589781746031746 0.6617063492063492 0.15699404761904762 0.6484788359788359 0.1589781746031746 0.623015873015873 0.15773809523809523 0.6190476190476191 0.140625 0.6187169312169312 0.1195436507936508 0.6259920634920635 0.06498015873015874 0.6402116402116402 0.028769841269841268 0.6494708994708994 0.019097222222222224 0.6597222222222222 0.000248015873015873
2 0.3819444444444444 0.3871527777777778 0.4080687830687831 0.3888888888888889 0.41633597883597884 0.39360119047619047 0.41798941798941797 0.41220238095238093 0.41369047619047616 0.419890873015873 0.41435185185185186 0.4303075396825397 0.4441137566137566 0.47643849206349204 0.44907407407407407 0.4913194444444444 0.4441137566137566 0.5922619047619048 0.43783068783068785 0.6130952380952381 0.4169973544973545 0.6569940476190477 0.41964285714285715 0.6654265873015873 0.42592592592592593 0.6723710317460317 0.4269179894179894 0.6788194444444444 0.4044312169312169 0.6817956349206349 0.3816137566137566 0.6783234126984127 0.31283068783068785 0.6768353174603174 0.30952380952380953 0.6753472222222222 0.31316137566137564 0.6604662698412699 0.330026455026455 0.6240079365079365 0.3134920634920635 0.59375 0.310515873015873 0.5793650793650794 0.3158068783068783 0.4880952380952381 0.3306878306878307 0.4603174603174603 0.3558201058201058 0.4280753968253968 0.35714285714285715 0.4181547619047619 0.35383597883597884 0.4087301587301587 0.35548941798941797 0.39037698412698413 0.36243386243386244 0.38764880952380953 0.3816137566137566 0.3871527777777778
3 0.5543154761904762 0.1375545634920635 0.1281415343915344 0.2680133928571429
3 0.42499669312169314 0.13217757936507937 0.12802248677248676 0.2643576388888889
3 0.2923148148148148 0.13067212301587303 0.13379298941798942 0.2518874007936508
2 0.5109424603174603 0.5811656746031747 0.12336309523809524 0.4104092261904762
2 0.6391005291005292 0.5718650793650795 0.12746362433862435 0.40363343253968254
2 0.23437830687830688 0.564422123015873 0.1314153439153439 0.38401537698412697
2 0.0949867724867725 0.5618799603174603 0.15529431216931217 0.38602430555555556