3 0.5198412698412699 0.20436507936507936 0.5608465608465608 0.20634920634920634 0.5744047619047619 0.20932539682539683 0.578042328042328 0.2130456349206349 0.578042328042328 0.2442956349206349 0.5697751322751323 0.26339285714285715 0.5717592592592593 0.2854662698412698 0.6018518518518519 0.35987103174603174 0.6167328042328042 0.3836805555555556 0.6190476190476191 0.4052579365079365 0.6144179894179894 0.44221230158730157 0.6147486772486772 0.46750992063492064 0.6081349206349206 0.5431547619047619 0.5972222222222222 0.5915178571428571 0.595568783068783 0.6344246031746031 0.59755291005291 0.6726190476190477 0.5912698412698413 0.7026289682539683 0.5747354497354498 0.7056051587301587 0.53505291005291 0.7043650793650794 0.5013227513227513 0.7061011904761905 0.439484126984127 0.7036210317460317 0.43187830687830686 0.6996527777777778 0.4269179894179894 0.6889880952380952 0.42724867724867727 0.6574900793650794 0.4332010582010582 0.6440972222222222 0.43716931216931215 0.623015873015873 0.43584656084656087 0.5813492063492064 0.43022486772486773 0.5364583333333334 0.42956349206349204 0.4871031746031746 0.4322089947089947 0.451140873015873 0.4279100529100529 0.390625 0.43187830687830686 0.38095238095238093 0.4583333333333333 0.3400297619047619 0.4837962962962963 0.29017857142857145 0.48842592592592593 0.27331349206349204 0.48412698412698413 0.2425595238095238 0.48644179894179895 0.21279761904761904 0.49404761904761907 0.2065972222222222 0.519510582010582 0.20436507936507936
1 0.36607142857142855 0.8764880952380952 0.3707010582010582 0.8794642857142857 0.37367724867724866 0.8903769841269841 0.37003968253968256 0.908234126984127 0.3740079365079365 0.9164186507936508 0.4146825396825397 0.9496527777777778 0.4332010582010582 0.9737103174603174 0.44246031746031744 0.9915674603174603 0.4437830687830688 0.9997519841269841 0.3845899470899471 0.9997519841269841 0.38392857142857145 0.9977678571428571 0.37962962962962965 0.9977678571428571 0.37863756613756616 0.9997519841269841 0.335978835978836 0.9997519841269841 0.3349867724867725 0.9977678571428571 0.33366402116402116 0.9997519841269841 0.32142857142857145 0.9997519841269841 0.3210978835978836 0.998015873015873 0.32076719576719576 0.9997519841269841 0.27976190476190477 0.9997519841269841 0.2794312169312169 0.9977678571428571 0.27843915343915343 0.9997519841269841 0.22916666666666666 0.9997519841269841 0.23082010582010581 0.9846230158730159 0.24107142857142858 0.9662698412698413 0.25462962962962965 0.9494047619047619 0.27380952380952384 0.933531746031746 0.2857142857142857 0.9181547619047619 0.2857142857142857 0.9126984126984127 0.2804232804232804 0.9027777777777778 0.2837301587301587 0.8787202380952381 0.2880291005291005 0.8767361111111112 0.3167989417989418 0.8779761904761905 0.36574074074074076 0.8764880952380952
1 0.4312169312169312 0.8762400793650794 0.4408068783068783 0.8799603174603174 0.4401455026455027 0.8940972222222222 0.4351851851851852 0.90625 0.4348544973544973 0.9642857142857143 0.43253968253968256 0.9699900793650794 0.40575396825396826 0.9389880952380952 0.3759920634920635 0.9184027777777778 0.37103174603174605 0.9084821428571429 0.37367724867724866 0.8938492063492064 0.3716931216931217 0.8799603174603174 0.37367724867724866 0.8777281746031746 0.4308862433862434 0.8762400793650794
1 0.20171957671957672 0.8774801587301587 0.22387566137566137 0.8777281746031746 0.23875661375661375 0.8802083333333334 0.23544973544973544 0.9112103174603174 0.24173280423280424 0.9598214285714286 0.22023809523809523 0.9997519841269841 0.2099867724867725 0.9997519841269841 0.20436507936507936 0.9813988095238095 0.19113756613756613 0.9623015873015873 0.17294973544973544 0.9419642857142857 0.15376984126984128 0.9275793650793651 0.12996031746031747 0.9164186507936508 0.11805555555555555 0.9017857142857143 0.11871693121693122 0.8831845238095238 0.12136243386243387 0.8797123015873016 0.2013888888888889 0.8774801587301587
1 0.828042328042328 0.8725198412698413 0.8703703703703703 0.8732638888888888 0.8723544973544973 0.8975694444444444 0.8703703703703703 0.9094742063492064 0.8654100529100529 0.9176587301587301 0.8654100529100529 0.9253472222222222 0.8759920634920635 0.9464285714285714 0.8908730158730159 0.9580853174603174 0.9007936507936508 0.9694940476190477 0.9117063492063492 0.9875992063492064 0.9153439153439153 0.9997519841269841 0.6908068783068783 0.9997519841269841 0.6908068783068783 0.9945436507936508 0.6984126984126984 0.9771825396825397 0.7228835978835979 0.9459325396825397 0.7377645502645502 0.9340277777777778 0.751984126984127 0.9250992063492064 0.7668650793650794 0.9191468253968254 0.77744708994709 0.9107142857142857 0.781084656084656 0.904265873015873 0.7784391534391535 0.8896329365079365 0.7827380952380952 0.8747519841269841 0.7863756613756614 0.8727678571428571 0.8277116402116402 0.8727678571428571
1 0.9487433862433863 0.9997519841269841 0.96494708994709 0.9422123015873016 0.9828042328042328 0.9176587301587301 0.998015873015873 0.9084821428571429 0.9996693121693122 0.9997519841269841 0.9490740740740741 0.9997519841269841
1 0.5277777777777778 0.8742559523809523 0.5320767195767195 0.8762400793650794 0.5307539682539683 0.8940972222222222 0.5337301587301587 0.9027777777777778 0.5300925925925926 0.9151785714285714 0.4966931216931217 0.9409722222222222 0.47255291005291006 0.9692460317460317 0.45634920634920634 0.9945436507936508 0.45337301587301587 0.9957837301587301 0.4460978835978836 0.9925595238095238 0.43683862433862436 0.9709821428571429 0.4384920634920635 0.90625 0.44477513227513227 0.8960813492063492 0.44543650793650796 0.8797123015873016 0.44775132275132273 0.8764880952380952 0.45337301587301587 0.8754960317460317 0.52744708994709 0.8742559523809523
1 0.10714285714285714 0.8779761904761905 0.11441798941798942 0.8802083333333334 0.1173941798941799 0.8874007936507936 0.11408730158730158 0.904265873015873 0.13227513227513227 0.9193948412698413 0.1527777777777778 0.9280753968253969 0.17526455026455026 0.9454365079365079 0.20006613756613756 0.9771825396825397 0.207010582010582 0.9910714285714286 0.20767195767195767 0.9997519841269841 0.0033068783068783067 0.9997519841269841 0 0.9967757936507936 0 0.9565972222222222 0.016865079365079364 0.9412202380952381 0.028108465608465607 0.9184027777777778 0.022156084656084655 0.9037698412698413 0.022486772486772486 0.8802083333333334 0.10681216931216932 0.8779761904761905
1 0.6064814814814815 0.8745039682539683 0.6164021164021164 0.875 0.6193783068783069 0.876984126984127 0.621031746031746 0.8980654761904762 0.6154100529100529 0.9114583333333334 0.6213624338624338 0.9233630952380952 0.6550925925925926 0.9558531746031746 0.6792328042328042 0.9942956349206349 0.6795634920634921 0.9997519841269841 0.5648148148148148 0.9997519841269841 0.564484126984127 0.998015873015873 0.5634920634920635 0.9997519841269841 0.4573412698412698 0.9997519841269841 0.4662698412698413 0.9806547619047619 0.4877645502645503 0.9518849206349206 0.5072751322751323 0.9322916666666666 0.5307539682539683 0.9141865079365079 0.53505291005291 0.9047619047619048 0.5317460317460317 0.8923611111111112 0.53505291005291 0.8754960317460317 0.6061507936507936 0.8745039682539683
1 0.7202380952380952 0.8722718253968254 0.7559523809523809 0.8732638888888888 0.7605820105820106 0.8759920634920635 0.7599206349206349 0.8896329365079365 0.7516534391534392 0.9201388888888888 0.7453703703703703 0.9285714285714286 0.7175925925925926 0.949156746031746 0.6984126984126984 0.9737103174603174 0.6927910052910053 0.9880952380952381 0.6858465608465608 0.9947916666666666 0.6782407407407407 0.9888392857142857 0.6623677248677249 0.9625496031746031 0.6498015873015873 0.9474206349206349 0.6220238095238095 0.921875 0.6183862433862434 0.9129464285714286 0.6236772486772487 0.8995535714285714 0.6213624338624338 0.8764880952380952 0.6266534391534392 0.8742559523809523 0.7199074074074074 0.8722718253968254
3 0.34512896825396827 0.4554489087301587 0.14984126984126983 0.48341765873015874