1 0.5466269841269841 0.4409722222222222 0.5539021164021164 0.4427083333333333 0.5572089947089947 0.44642857142857145 0.5558862433862434 0.4774305555555556 0.5704365079365079 0.5017361111111112 0.5757275132275133 0.5193452380952381 0.576058201058201 0.5627480158730159 0.5697751322751323 0.5954861111111112 0.5654761904761905 0.5999503968253969 0.5578703703703703 0.6014384920634921 0.5013227513227513 0.5984623015873016 0.49702380952380953 0.5952380952380952 0.48908730158730157 0.5634920634920635 0.49074074074074076 0.5124007936507936 0.4930555555555556 0.5049603174603174 0.5056216931216931 0.4880952380952381 0.5125661375661376 0.470734126984127 0.5105820105820106 0.4446924603174603 0.5171957671957672 0.44146825396825395 0.5462962962962963 0.4409722222222222
1 0.19378306878306878 0.4384920634920635 0.20072751322751323 0.43898809523809523 0.20965608465608465 0.4427083333333333 0.2080026455026455 0.4469246031746032 0.21031746031746032 0.453125 0.20667989417989419 0.4583333333333333 0.20667989417989419 0.4670138888888889 0.2123015873015873 0.4806547619047619 0.22552910052910052 0.49776785714285715 0.22817460317460317 0.5049603174603174 0.22453703703703703 0.515625 0.22288359788359788 0.5354662698412699 0.22685185185185186 0.5885416666666666 0.22321428571428573 0.5925099206349206 0.2099867724867725 0.59375 0.15211640211640212 0.5915178571428571 0.14682539682539683 0.589781746031746 0.14417989417989419 0.5848214285714286 0.1421957671957672 0.5148809523809523 0.14649470899470898 0.4972718253968254 0.16534391534391535 0.46726190476190477 0.16468253968253968 0.44246031746031744 0.17691798941798942 0.43898809523809523 0.19345238095238096 0.4384920634920635
1 0.36408730158730157 0.4402281746031746 0.3792989417989418 0.44246031746031744 0.38425925925925924 0.4459325396825397 0.38062169312169314 0.4503968253968254 0.37962962962962965 0.4600694444444444 0.38425925925925924 0.4635416666666667 0.38591269841269843 0.4801587301587302 0.39814814814814814 0.5109126984126984 0.39880952380952384 0.5600198412698413 0.3955026455026455 0.5711805555555556 0.39616402116402116 0.5783730158730159 0.39285714285714285 0.5848214285714286 0.3941798941798942 0.5952380952380952 0.37797619047619047 0.5972222222222222 0.3290343915343915 0.5974702380952381 0.32341269841269843 0.5920138888888888 0.32043650793650796 0.5719246031746031 0.31316137566137564 0.5595238095238095 0.3134920634920635 0.5218253968253969 0.3373015873015873 0.4603174603174603 0.33796296296296297 0.4427083333333333 0.3449074074074074 0.44072420634920634 0.3637566137566138 0.4402281746031746
1 0.37003968253968256 0.7333829365079365 0.4007936507936508 0.7353670634920635 0.4064153439153439 0.7375992063492064 0.4054232804232804 0.7651289682539683 0.42394179894179895 0.8000992063492064 0.42427248677248675 0.810515873015873 0.42923280423280424 0.8174603174603174 0.4298941798941799 0.8700396825396826 0.4279100529100529 0.8784722222222222 0.4212962962962963 0.8836805555555556 0.42328042328042326 0.8869047619047619 0.4209656084656085 0.8901289682539683 0.42592592592592593 0.8948412698412699 0.4252645502645503 0.8973214285714286 0.4169973544973545 0.8983134920634921 0.4123677248677249 0.904265873015873 0.4126984126984127 0.9117063492063492 0.42592592592592593 0.9146825396825397 0.42493386243386244 0.9206349206349206 0.4183201058201058 0.9228670634920635 0.4146825396825397 0.9213789682539683 0.41369047619047616 0.9236111111111112 0.4150132275132275 0.9268353174603174 0.42162698412698413 0.9250992063492064 0.4236111111111111 0.9283234126984127 0.4203042328042328 0.9360119047619048 0.416005291005291 0.9389880952380952 0.42162698412698413 0.9427083333333334 0.4044312169312169 0.9459325396825397 0.3521825396825397 0.9422123015873016 0.3472222222222222 0.9015376984126984 0.3412698412698413 0.8804563492063492 0.33465608465608465 0.8707837301587301 0.33630952380952384 0.8236607142857143 0.34854497354497355 0.7889384920634921 0.3637566137566138 0.7631448412698413 0.36408730158730157 0.7547123015873016 0.36144179894179895 0.7487599206349206 0.3627645502645503 0.736359126984127 0.3697089947089947 0.7333829365079365
1 0.6243386243386243 0.4412202380952381 0.6408730158730159 0.44221230158730157 0.644510582010582 0.44518849206349204 0.6455026455026455 0.4565972222222222 0.6415343915343915 0.4652777777777778 0.6428571428571429 0.4774305555555556 0.6626984126984127 0.5114087301587301 0.6636904761904762 0.5657242063492064 0.6577380952380952 0.6049107142857143 0.6213624338624338 0.6024305555555556 0.6087962962962963 0.6049107142857143 0.5833333333333334 0.6011904761904762 0.5796957671957672 0.5967261904761905 0.5777116402116402 0.5786210317460317 0.5796957671957672 0.5689484126984127 0.5790343915343915 0.5086805555555556 0.5988756613756614 0.4771825396825397 0.5985449735449735 0.44568452380952384 0.6048280423280423 0.4419642857142857 0.6240079365079365 0.4412202380952381
1 0.5701058201058201 0.7413194444444444 0.5988756613756614 0.7430555555555556 0.6015211640211641 0.7447916666666666 0.6021825396825397 0.765625 0.6170634920634921 0.7899305555555556 0.6266534391534392 0.816468253968254 0.625 0.8831845238095238 0.6167328042328042 0.9109623015873016 0.6203703703703703 0.9563492063492064 0.6130952380952381 0.9583333333333334 0.5833333333333334 0.9563492063492064 0.5740740740740741 0.9598214285714286 0.5846560846560847 0.9632936507936508 0.5988756613756614 0.9637896825396826 0.6001984126984127 0.9657738095238095 0.6005291005291006 0.9937996031746031 0.595568783068783 0.9997519841269841 0.5453042328042328 0.9997519841269841 0.5396825396825397 0.9915674603174603 0.5426587301587301 0.9858630952380952 0.5522486772486772 0.9821428571428571 0.5916005291005291 0.9861111111111112 0.5945767195767195 0.984375 0.591931216931217 0.9809027777777778 0.5572089947089947 0.9801587301587301 0.5472883597883598 0.9781746031746031 0.5446428571428571 0.9747023809523809 0.5459656084656085 0.9637896825396826 0.560515873015873 0.9565972222222222 0.5400132275132276 0.9508928571428571 0.5376984126984127 0.9484126984126984 0.5390211640211641 0.935515873015873 0.5472883597883598 0.9270833333333334 0.5479497354497355 0.9032738095238095 0.5443121693121693 0.8834325396825397 0.5353835978835979 0.8772321428571429 0.5317460317460317 0.8700396825396826 0.5327380952380952 0.8172123015873016 0.5363756613756614 0.8055555555555556 0.5479497354497355 0.7906746031746031 0.5598544973544973 0.7658730158730159 0.5598544973544973 0.7584325396825397 0.5558862433862434 0.7514880952380952 0.5565476190476191 0.7428075396825397 0.560515873015873 0.7410714285714286 0.5697751322751323 0.7413194444444444
1 0.4599867724867725 0.4419642857142857 0.4699074074074074 0.4466765873015873 0.4662698412698413 0.46750992063492064 0.4675925925925926 0.47767857142857145 0.4861111111111111 0.5119047619047619 0.4861111111111111 0.5580357142857143 0.48148148148148145 0.5952380952380952 0.4742063492063492 0.5979662698412699 0.435515873015873 0.5972222222222222 0.43253968253968256 0.5987103174603174 0.43452380952380953 0.6026785714285714 0.4603174603174603 0.6046626984126984 0.4679232804232804 0.609375 0.4679232804232804 0.6207837301587301 0.4599867724867725 0.6259920634920635 0.4656084656084656 0.6292162698412699 0.46726190476190477 0.6361607142857143 0.4652777777777778 0.6545138888888888 0.455026455026455 0.6649305555555556 0.44675925925925924 0.6664186507936508 0.435515873015873 0.6654265873015873 0.42857142857142855 0.6609623015873016 0.4183201058201058 0.6646825396825397 0.41104497354497355 0.6641865079365079 0.4064153439153439 0.6614583333333334 0.4074074074074074 0.6473214285714286 0.41964285714285715 0.6440972222222222 0.40773809523809523 0.6403769841269841 0.4080687830687831 0.6299603174603174 0.4150132275132275 0.6197916666666666 0.4123677248677249 0.6160714285714286 0.41335978835978837 0.6056547619047619 0.42162698412698413 0.6004464285714286 0.4252645502645503 0.6026785714285714 0.4262566137566138 0.5989583333333334 0.4093915343915344 0.5952380952380952 0.4054232804232804 0.5716765873015873 0.4007936507936508 0.560515873015873 0.40046296296296297 0.5262896825396826 0.4011243386243386 0.5190972222222222 0.4083994708994709 0.5084325396825397 0.42328042328042326 0.47445436507936506 0.42294973544973546 0.44494047619047616 0.4255952380952381 0.44246031746031744 0.43187830687830686 0.44146825396825395 0.45965608465608465 0.4419642857142857
1 0.4669312169312169 0.7371031746031746 0.49867724867724866 0.7385912698412699 0.5026455026455027 0.7403273809523809 0.5029761904761905 0.7730654761904762 0.5238095238095238 0.8035714285714286 0.5284391534391535 0.8209325396825397 0.5271164021164021 0.8737599206349206 0.5138888888888888 0.8963293650793651 0.5082671957671958 0.9325396825396826 0.5099206349206349 0.9494047619047619 0.5062830687830688 0.9513888888888888 0.49503968253968256 0.9521329365079365 0.48115079365079366 0.9503968253968254 0.47354497354497355 0.9516369047619048 0.44907407407407407 0.9464285714285714 0.4503968253968254 0.9315476190476191 0.4437830687830688 0.8955853174603174 0.4408068783068783 0.8871527777777778 0.4341931216931217 0.8807043650793651 0.4322089947089947 0.8722718253968254 0.4332010582010582 0.824156746031746 0.4603174603174603 0.7683531746031746 0.45866402116402116 0.7385912698412699 0.4666005291005291 0.7371031746031746
1 0.27976190476190477 0.7296626984126984 0.30456349206349204 0.7306547619047619 0.31183862433862436 0.7328869047619048 0.31316137566137564 0.7611607142857143 0.3392857142857143 0.7966269841269841 0.33895502645502645 0.8060515873015873 0.33366402116402116 0.8221726190476191 0.3330026455026455 0.8705357142857143 0.3386243386243386 0.8938492063492064 0.333994708994709 0.9015376984126984 0.33664021164021163 0.9055059523809523 0.3419312169312169 0.9047619047619048 0.3455687830687831 0.9074900793650794 0.3425925925925926 0.917906746031746 0.3455687830687831 0.9293154761904762 0.34093915343915343 0.9352678571428571 0.3416005291005291 0.939484126984127 0.2800925925925926 0.939484126984127 0.27976190476190477 0.9427083333333334 0.2837301587301587 0.9444444444444444 0.310515873015873 0.9486607142857143 0.32142857142857145 0.9479166666666666 0.33895502645502645 0.9536210317460317 0.33895502645502645 0.9635416666666666 0.3349867724867725 0.9645337301587301 0.31977513227513227 0.9645337301587301 0.31415343915343913 0.9618055555555556 0.3072089947089947 0.9662698412698413 0.2916666666666667 0.9630456349206349 0.271494708994709 0.9635416666666666 0.2863756613756614 0.9680059523809523 0.30753968253968256 0.9675099206349206 0.3187830687830688 0.970734126984127 0.32043650793650796 0.9742063492063492 0.31812169312169314 0.980406746031746 0.3072089947089947 0.986359126984127 0.29927248677248675 0.9873511904761905 0.3055555555555556 0.9910714285714286 0.3005952380952381 0.9947916666666666 0.29398148148148145 0.996031746031746 0.28604497354497355 0.9955357142857143 0.2761243386243386 0.988343253968254 0.2718253968253968 0.9880952380952381 0.2698412698412698 0.9910714285714286 0.2622354497354497 0.9925595238095238 0.2526455026455027 0.9913194444444444 0.24933862433862433 0.9878472222222222 0.25165343915343913 0.9853670634920635 0.271494708994709 0.9875992063492064 0.273478835978836 0.984375 0.2447089947089947 0.9779265873015873 0.2443783068783069 0.966765873015873 0.2595899470899471 0.9632936507936508 0.24305555555555555 0.9595734126984127 0.23974867724867724 0.9563492063492064 0.2404100529100529 0.9456845238095238 0.2443783068783069 0.9417162698412699 0.2662037037037037 0.9441964285714286 0.27380952380952384 0.9429563492063492 0.2757936507936508 0.9392361111111112 0.25132275132275134 0.9377480158730159 0.2457010582010582 0.9325396825396826 0.24867724867724866 0.9074900793650794 0.24074074074074073 0.8774801587301587 0.24074074074074073 0.8080357142857143 0.24735449735449735 0.7934027777777778 0.26951058201058203 0.7586805555555556 0.2662037037037037 0.7413194444444444 0.267526455026455 0.7309027777777778 0.2794312169312169 0.7296626984126984
1 0.27976190476190477 0.4392361111111111 0.2876984126984127 0.4427083333333333 0.2900132275132275 0.46726190476190477 0.2959656084656085 0.48487103174603174 0.30456349206349204 0.4947916666666667 0.31283068783068785 0.5106646825396826 0.31216931216931215 0.5704365079365079 0.30886243386243384 0.5922619047619048 0.29894179894179895 0.5947420634920635 0.2619047619047619 0.5959821428571429 0.25892857142857145 0.597718253968254 0.2622354497354497 0.6004464285714286 0.3029100529100529 0.6019345238095238 0.30952380952380953 0.6049107142857143 0.30357142857142855 0.6125992063492064 0.29298941798941797 0.6123511904761905 0.296957671957672 0.6143353174603174 0.296957671957672 0.6165674603174603 0.2751322751322751 0.6180555555555556 0.26851851851851855 0.6222718253968254 0.27546296296296297 0.625 0.289021164021164 0.6264880952380952 0.2933201058201058 0.6334325396825397 0.291005291005291 0.6483134920634921 0.2867063492063492 0.6569940476190477 0.28273809523809523 0.6599702380952381 0.2748015873015873 0.6614583333333334 0.265542328042328 0.6604662698412699 0.2585978835978836 0.6569940476190477 0.24735449735449735 0.6597222222222222 0.23743386243386244 0.6592261904761905 0.23214285714285715 0.654265873015873 0.23346560846560846 0.6438492063492064 0.24404761904761904 0.6403769841269841 0.23445767195767195 0.6376488095238095 0.23214285714285715 0.6344246031746031 0.23247354497354497 0.6264880952380952 0.2400793650793651 0.6197916666666666 0.23578042328042328 0.6160714285714286 0.23544973544973544 0.6016865079365079 0.23941798941798942 0.5954861111111112 0.23313492063492064 0.591765873015873 0.23082010582010581 0.5865575396825397 0.22552910052910052 0.5567956349206349 0.22486772486772486 0.5349702380952381 0.22685185185185186 0.5153769841269841 0.23743386243386244 0.4915674603174603 0.25 0.47197420634920634 0.2562830687830688 0.4556051587301587 0.2576058201058201 0.4494047619047619 0.25462962962962965 0.44246031746031744 0.26521164021164023 0.43898809523809523 0.2794312169312169 0.4392361111111111
2 0.5514980158730158 0.21246527777777777 0.13077711640211642 0.3158035714285714
2 0.4246891534391534 0.20565476190476192 0.12186507936507936 0.2972222222222222
2 0.3163822751322751 0.20099454365079364 0.09705026455026455 0.28294146825396826
2 0.20299933862433864 0.20590525793650793 0.1348313492063492 0.3026860119047619
3 0.09700727513227514 0.5608531746031746 0.0867989417989418 0.2472123015873016
3 0.026438492063492063 0.545687003968254 0.05288029100529101 0.22467757936507937
2 0.19544642857142855 0.8611458333333333 0.09617724867724867 0.26473214285714286
2 0.0960218253968254 0.8533705357142857 0.08526455026455025 0.27481150793650794
2 0.028250661375661377 0.8427951388888889 0.05223214285714285 0.2664732142857143