1 0.609457671957672 0.4069940476190476 0.6170634920634921 0.40922619047619047 0.6203703703703703 0.4174107142857143 0.6167328042328042 0.45163690476190477 0.6216931216931217 0.4680059523809524 0.6253306878306878 0.47767857142857145 0.6455026455026455 0.5091765873015873 0.6511243386243386 0.53125 0.6468253968253969 0.6331845238095238 0.6392195767195767 0.6505456349206349 0.6332671957671958 0.6741071428571429 0.6309523809523809 0.6971726190476191 0.6335978835978836 0.716765873015873 0.6266534391534392 0.7199900793650794 0.5876322751322751 0.7180059523809523 0.5707671957671958 0.7197420634920635 0.5641534391534392 0.7170138888888888 0.5400132275132276 0.7150297619047619 0.5267857142857143 0.7100694444444444 0.5244708994708994 0.7058531746031746 0.5284391534391535 0.703125 0.5224867724867724 0.701140873015873 0.5241402116402116 0.6922123015873016 0.517526455026455 0.6862599206349206 0.5234788359788359 0.6783234126984127 0.5211640211640212 0.6646825396825397 0.5162037037037037 0.6614583333333334 0.517526455026455 0.6577380952380952 0.5132275132275133 0.6438492063492064 0.5162037037037037 0.6321924603174603 0.5095899470899471 0.6163194444444444 0.5142195767195767 0.5186011904761905 0.5552248677248677 0.45634920634920634 0.5572089947089947 0.4419642857142857 0.5532407407407407 0.4283234126984127 0.5558862433862434 0.4099702380952381 0.5601851851851852 0.4069940476190476 0.5701058201058201 0.40600198412698413 0.6091269841269841 0.4069940476190476
1 0.3191137566137566 0.40054563492063494 0.3290343915343915 0.4035218253968254 0.3316798941798942 0.40749007936507936 0.3330026455026455 0.41517857142857145 0.3290343915343915 0.43179563492063494 0.33134920634920634 0.45014880952380953 0.3468915343915344 0.4816468253968254 0.35648148148148145 0.49404761904761907 0.36673280423280424 0.5220734126984127 0.3611111111111111 0.6086309523809523 0.36243386243386244 0.6170634920634921 0.35714285714285715 0.6490575396825397 0.35978835978835977 0.671875 0.3568121693121693 0.6750992063492064 0.3587962962962963 0.6790674603174603 0.3544973544973545 0.6832837301587301 0.351521164021164 0.6924603174603174 0.3544973544973545 0.6996527777777778 0.3488756613756614 0.7016369047619048 0.3263888888888889 0.7023809523809523 0.27215608465608465 0.7016369047619048 0.265542328042328 0.699156746031746 0.25066137566137564 0.6989087301587301 0.24173280423280424 0.6961805555555556 0.23941798941798942 0.654265873015873 0.22685185185185186 0.6165674603174603 0.22486772486772486 0.6014384920634921 0.22817460317460317 0.5357142857142857 0.23247354497354497 0.5262896825396826 0.23743386243386244 0.4982638888888889 0.26025132275132273 0.4670138888888889 0.2701719576719577 0.4466765873015873 0.2718253968253968 0.4280753968253968 0.26884920634920634 0.404265873015873 0.27215608465608465 0.4007936507936508 0.2791005291005291 0.4000496031746032 0.3187830687830688 0.40054563492063494
1 0.351521164021164 0 0.4348544973544973 0 0.45337301587301587 0.037698412698412696 0.4576719576719577 0.0798611111111111 0.4540343915343915 0.11507936507936507 0.45436507936507936 0.14285714285714285 0.453042328042328 0.15128968253968253 0.4497354497354497 0.15476190476190477 0.3376322751322751 0.15625 0.3247354497354497 0.15252976190476192 0.32142857142857145 0.11284722222222222 0.32341269841269843 0.04985119047619048 0.3333333333333333 0.020833333333333332 0.3449074074074074 0.005456349206349206 0.351521164021164 0.000248015873015873
1 0.003968253968253968 0 0.03869047619047619 0 0.05357142857142857 0.03273809523809524 0.05125661375661376 0.1232638888888889 0.054563492063492064 0.15079365079365079 0.046957671957671955 0.15500992063492064 0.01455026455026455 0.15649801587301587 0.004298941798941799 0.15500992063492064 0 0.14905753968253968 0 0.11061507936507936 0.001984126984126984 0.10987103174603174 0 0.10788690476190477 0.001984126984126984 0.10243055555555555 0 0.10119047619047619 0 0.002728174603174603 0.003968253968253968 0.000248015873015873
1 0.07572751322751323 0.8888888888888888 0.17724867724867724 0.9000496031746031 0.18584656084656084 0.9037698412698413 0.1931216931216931 0.9303075396825397 0.1818783068783069 0.9496527777777778 0.18452380952380953 0.9937996031746031 0.18253968253968253 0.9997519841269841 0.14781746031746032 0.9997519841269841 0.1474867724867725 0.998015873015873 0.14384920634920634 0.9997519841269841 0.14153439153439154 0.9972718253968254 0.12896825396825398 0.9977678571428571 0.12764550264550265 0.9997519841269841 0.031746031746031744 0.9997519841269841 0.027447089947089946 0.9928075396825397 0.023809523809523808 0.9464285714285714 0.028439153439153438 0.921875 0.042328042328042326 0.8993055555555556 0.05191798941798942 0.890625 0.07539682539682539 0.8888888888888888
1 0.07804232804232804 0 0.1636904761904762 0 0.17427248677248677 0.0248015873015873 0.18353174603174602 0.03968253968253968 0.18551587301587302 0.07043650793650794 0.18518518518518517 0.11284722222222222 0.18253968253968253 0.12301587301587301 0.18386243386243387 0.15104166666666666 0.17824074074074073 0.15426587301587302 0.16832010582010581 0.15550595238095238 0.10449735449735449 0.15600198412698413 0.09986772486772487 0.15823412698412698 0.10052910052910052 0.16468253968253968 0.10449735449735449 0.16641865079365079 0.148478835978836 0.16517857142857142 0.16137566137566137 0.16790674603174602 0.17162698412698413 0.17311507936507936 0.17526455026455026 0.17162698412698413 0.17724867724867724 0.1753472222222222 0.16997354497354497 0.1783234126984127 0.16567460317460317 0.19246031746031747 0.15773809523809523 0.19295634920634921 0.15112433862433863 0.19593253968253968 0.14781746031746032 0.19419642857142858 0.11607142857142858 0.19419642857142858 0.11342592592592593 0.19692460317460317 0.11607142857142858 0.20163690476190477 0.13624338624338625 0.20337301587301587 0.14781746031746032 0.20238095238095238 0.15079365079365079 0.19642857142857142 0.15443121693121692 0.19866071428571427 0.15641534391534392 0.20510912698412698 0.16865079365079366 0.21428571428571427 0.17261904761904762 0.21999007936507936 0.167989417989418 0.2244543650793651 0.15773809523809523 0.22842261904761904 0.15575396825396826 0.23239087301587302 0.1574074074074074 0.23462301587301587 0.1669973544973545 0.23363095238095238 0.1775793650793651 0.2378472222222222 0.1818783068783069 0.2452876984126984 0.18253968253968253 0.2586805555555556 0.1779100529100529 0.2621527777777778 0.1712962962962963 0.26339285714285715 0.07804232804232804 0.26240079365079366 0.06415343915343916 0.2594246031746032 0.0582010582010582 0.23759920634920634 0.06613756613756613 0.234375 0.06746031746031746 0.2279265873015873 0.06018518518518518 0.22395833333333334 0.060515873015873016 0.21577380952380953 0.0667989417989418 0.20858134920634921 0.09193121693121693 0.19990079365079366 0.09292328042328042 0.1966765873015873 0.07142857142857142 0.19196428571428573 0.06845238095238096 0.17063492063492064 0.0710978835978836 0.16741071428571427 0.0916005291005291 0.16517857142857142 0.09391534391534391 0.15625 0.09193121693121693 0.15426587301587302 0.08862433862433862 0.15575396825396826 0.06382275132275132 0.15426587301587302 0.060515873015873016 0.15203373015873015 0.05357142857142857 0.12375992063492064 0.05489417989417989 0.045882936507936505 0.060515873015873016 0.026041666666666668 0.07804232804232804 0.000248015873015873
1 0.17162698412698413 0.39632936507936506 0.19246031746031747 0.39831349206349204 0.19576719576719576 0.40054563492063494 0.1974206349206349 0.42311507936507936 0.19477513227513227 0.44072420634920634 0.19675925925925927 0.4494047619047619 0.20535714285714285 0.4670138888888889 0.23082010582010581 0.4947916666666667 0.23247354497354497 0.5 0.23148148148148148 0.5153769841269841 0.22420634920634921 0.5322420634920635 0.2218915343915344 0.6044146825396826 0.22420634920634921 0.6279761904761905 0.23313492063492064 0.65625 0.23445767195767195 0.6857638888888888 0.23082010582010581 0.6946924603174603 0.2218915343915344 0.6959325396825397 0.13723544973544974 0.6941964285714286 0.1335978835978836 0.6919642857142857 0.10416666666666667 0.6892361111111112 0.10218253968253968 0.6852678571428571 0.10681216931216932 0.6646825396825397 0.09060846560846561 0.6202876984126984 0.09060846560846561 0.5367063492063492 0.09457671957671958 0.5014880952380952 0.11871693121693122 0.46825396825396826 0.1335978835978836 0.44246031746031744 0.1335978835978836 0.4246031746031746 0.12996031746031747 0.41716269841269843 0.13227513227513227 0.3978174603174603 0.1712962962962963 0.39632936507936506
1 0.2371031746031746 0.16567460317460317 0.2830687830687831 0.1661706349206349 0.29563492063492064 0.17137896825396826 0.2916666666666667 0.1875 0.29464285714285715 0.19270833333333334 0.2771164021164021 0.19469246031746032 0.24272486772486773 0.19419642857142858 0.23974867724867724 0.19618055555555555 0.23974867724867724 0.1996527777777778 0.24239417989417988 0.20114087301587302 0.27976190476190477 0.20362103174603174 0.296957671957672 0.21676587301587302 0.29563492063492064 0.22718253968253968 0.2691798941798942 0.2286706349206349 0.2662037037037037 0.23065476190476192 0.26884920634920634 0.23462301587301587 0.2863756613756614 0.23487103174603174 0.3019179894179894 0.2400793650793651 0.3055555555555556 0.24603174603174602 0.3029100529100529 0.2614087301587302 0.29365079365079366 0.2646329365079365 0.19576719576719576 0.2628968253968254 0.19014550264550265 0.25892857142857145 0.18816137566137567 0.24677579365079366 0.19212962962962962 0.23759920634920634 0.20634920634920634 0.23288690476190477 0.22023809523809523 0.23586309523809523 0.22685185185185186 0.23313492063492064 0.230489417989418 0.23412698412698413 0.23214285714285715 0.23139880952380953 0.23082010582010581 0.22891865079365079 0.20634920634920634 0.22941468253968253 0.19146825396825398 0.2251984126984127 0.1908068783068783 0.22023809523809523 0.19411375661375663 0.21354166666666666 0.20337301587301587 0.20610119047619047 0.23214285714285715 0.19940476190476192 0.230489417989418 0.19469246031746032 0.2046957671957672 0.19270833333333334 0.2013888888888889 0.1865079365079365 0.20205026455026456 0.17162698412698413 0.21329365079365079 0.16691468253968253 0.23677248677248677 0.16567460317460317
1 0.45205026455026454 0.4025297619047619 0.46825396825396826 0.4045138888888889 0.4742063492063492 0.40749007936507936 0.4755291005291005 0.4288194444444444 0.4699074074074074 0.4392361111111111 0.4722222222222222 0.4593253968253968 0.4894179894179894 0.4898313492063492 0.49834656084656087 0.4990079365079365 0.5069444444444444 0.5183531746031746 0.5089285714285714 0.5337301587301587 0.5056216931216931 0.6063988095238095 0.49636243386243384 0.6197916666666666 0.48677248677248675 0.644593253968254 0.4808201058201058 0.6721230158730159 0.48313492063492064 0.6788194444444444 0.47685185185185186 0.6892361111111112 0.47685185185185186 0.7068452380952381 0.4738756613756614 0.7098214285714286 0.4632936507936508 0.7108134920634921 0.4599867724867725 0.7132936507936508 0.4632936507936508 0.7177579365079365 0.4775132275132275 0.7234623015873016 0.482473544973545 0.7378472222222222 0.4742063492063492 0.746031746031746 0.46593915343915343 0.7470238095238095 0.4494047619047619 0.7445436507936508 0.4480820105820106 0.7472718253968254 0.4497354497354497 0.7507440476190477 0.4669312169312169 0.7504960317460317 0.48115079365079366 0.7552083333333334 0.48412698412698413 0.7728174603174603 0.47453703703703703 0.7790178571428571 0.4801587301587302 0.7862103174603174 0.47784391534391535 0.7931547619047619 0.4685846560846561 0.7973710317460317 0.45866402116402116 0.7978670634920635 0.435515873015873 0.7867063492063492 0.4193121693121693 0.7976190476190477 0.4113756613756614 0.8005952380952381 0.40575396825396826 0.7953869047619048 0.4060846560846561 0.7817460317460317 0.4080687830687831 0.7785218253968254 0.41898148148148145 0.7752976190476191 0.41633597883597884 0.7723214285714286 0.4113756613756614 0.7725694444444444 0.40773809523809523 0.7698412698412699 0.4080687830687831 0.7537202380952381 0.41369047619047616 0.7504960317460317 0.43915343915343913 0.7497519841269841 0.44047619047619047 0.748015873015873 0.43617724867724866 0.7442956349206349 0.4252645502645503 0.7437996031746031 0.41104497354497355 0.7395833333333334 0.4107142857142857 0.7189980158730159 0.439484126984127 0.71875 0.453042328042328 0.7157738095238095 0.4546957671957672 0.7132936507936508 0.4322089947089947 0.7080853174603174 0.4001322751322751 0.7080853174603174 0.39021164021164023 0.7056051587301587 0.38756613756613756 0.7028769841269841 0.38756613756613756 0.6798115079365079 0.37863756613756616 0.6475694444444444 0.37863756613756616 0.6197916666666666 0.36772486772486773 0.6140873015873016 0.36507936507936506 0.6081349206349206 0.3680555555555556 0.5461309523809523 0.3697089947089947 0.5372023809523809 0.3915343915343915 0.4947916666666667 0.3931878306878307 0.4836309523809524 0.4093915343915344 0.45436507936507936 0.4117063492063492 0.4427083333333333 0.40773809523809523 0.4260912698412698 0.4093915343915344 0.40749007936507936 0.4156746031746032 0.4035218253968254 0.45171957671957674 0.4025297619047619
1 0.5509259259259259 0.16418650793650794 0.5853174603174603 0.1671626984126984 0.5863095238095238 0.1783234126984127 0.5823412698412699 0.1939484126984127 0.5519179894179894 0.19642857142857142 0.5049603174603174 0.19593253968253968 0.5042989417989417 0.1996527777777778 0.5307539682539683 0.2041170634920635 0.5572089947089947 0.203125 0.5777116402116402 0.20510912698412698 0.5856481481481481 0.22718253968253968 0.5740740740740741 0.23040674603174602 0.5710978835978836 0.2333829365079365 0.5608465608465608 0.23040674603174602 0.5185185185185185 0.2309027777777778 0.5168650793650794 0.234375 0.5188492063492064 0.2378472222222222 0.5333994708994709 0.23660714285714285 0.5505952380952381 0.23883928571428573 0.5539021164021164 0.23635912698412698 0.5558862433862434 0.23809523809523808 0.5813492063492064 0.24107142857142858 0.5777116402116402 0.26512896825396826 0.533068783068783 0.26785714285714285 0.4771825396825397 0.2666170634920635 0.47023809523809523 0.26339285714285715 0.4666005291005291 0.2648809523809524 0.458994708994709 0.2621527777777778 0.4632936507936508 0.2586805555555556 0.4593253968253968 0.24131944444444445 0.4699074074074074 0.2378472222222222 0.48677248677248675 0.2361111111111111 0.49107142857142855 0.23363095238095238 0.4947089947089947 0.23586309523809523 0.49603174603174605 0.2309027777777778 0.45634920634920634 0.22718253968253968 0.453042328042328 0.22395833333333334 0.45436507936507936 0.22023809523809523 0.4497354497354497 0.21626984126984128 0.4494047619047619 0.21254960317460317 0.4576719576719577 0.2105654761904762 0.4632936507936508 0.20610119047619047 0.4880952380952381 0.20337301587301587 0.4933862433862434 0.1996527777777778 0.49107142857142855 0.19543650793650794 0.4662698412698413 0.19518849206349206 0.4626322751322751 0.1932043650793651 0.460978835978836 0.1753472222222222 0.4632936507936508 0.16765873015873015 0.4794973544973545 0.16517857142857142 0.5122354497354498 0.16641865079365079 0.5505952380952381 0.16418650793650794
1 0.6906018518518519 0.1376140873015873 0.1708862433862434 0.2752306547619048