1 0.6858465608465608 0.00496031746031746 0.7060185185185185 0.00744047619047619 0.7139550264550265 0.013392857142857142 0.7156084656084656 0.030009920634920636 0.7116402116402116 0.05853174603174603 0.7156084656084656 0.0716765873015873 0.732473544973545 0.1056547619047619 0.7337962962962963 0.12177579365079365 0.7301587301587301 0.16691468253968253 0.7218915343915344 0.2065972222222222 0.7099867724867724 0.20858134920634921 0.6716269841269841 0.20337301587301587 0.6342592592592593 0.20163690476190477 0.6220238095238095 0.20014880952380953 0.6187169312169312 0.19692460317460317 0.6226851851851852 0.1736111111111111 0.6266534391534392 0.11359126984126984 0.6302910052910053 0.09895833333333333 0.6484788359788359 0.07316468253968254 0.6554232804232805 0.05803571428571429 0.6567460317460317 0.04985119047619048 0.6537698412698413 0.03819444444444445 0.6557539682539683 0.018601190476190476 0.6646825396825397 0.00992063492063492 0.685515873015873 0.005208333333333333
1 0.9702380952380952 0.41889880952380953 0.9890873015873016 0.42063492063492064 0.9923941798941799 0.42584325396825395 0.9914021164021164 0.4603174603174603 0.9943783068783069 0.4742063492063492 0.9996693121693122 0.48115079365079366 0.9996693121693122 0.5483630952380952 0.9966931216931217 0.5530753968253969 0.9996693121693122 0.5577876984126984 0.9996693121693122 0.6078869047619048 0.9920634920634921 0.6235119047619048 0.9861111111111112 0.6475694444444444 0.9814814814814815 0.6500496031746031 0.9580026455026455 0.654265873015873 0.9646164021164021 0.6577380952380952 0.9642857142857143 0.6723710317460317 0.9609788359788359 0.6785714285714286 0.9629629629629629 0.6837797619047619 0.9626322751322751 0.7110615079365079 0.9583333333333334 0.7209821428571429 0.9480820105820106 0.7234623015873016 0.9348544973544973 0.7214781746031746 0.9282407407407407 0.7157738095238095 0.9150132275132276 0.7120535714285714 0.9074074074074074 0.7145337301587301 0.8935185185185185 0.7132936507936508 0.8918650793650794 0.7098214285714286 0.8978174603174603 0.7058531746031746 0.9117063492063492 0.7053571428571429 0.9150132275132276 0.7068452380952381 0.921957671957672 0.7028769841269841 0.8938492063492064 0.6994047619047619 0.8961640211640212 0.6870039682539683 0.9103835978835979 0.6842757936507936 0.9130291005291006 0.6820436507936508 0.9103835978835979 0.6788194444444444 0.8971560846560847 0.6785714285714286 0.892526455026455 0.6716269841269841 0.8921957671957672 0.6634424603174603 0.8948412698412699 0.6604662698412699 0.9117063492063492 0.6594742063492064 0.917989417989418 0.6552579365079365 0.9315476190476191 0.6587301587301587 0.9464285714285714 0.6584821428571429 0.953042328042328 0.6579861111111112 0.9566798941798942 0.654265873015873 0.953042328042328 0.6502976190476191 0.9183201058201058 0.6537698412698413 0.9113756613756614 0.6515376984126984 0.8938492063492064 0.6512896825396826 0.8908730158730159 0.6356646825396826 0.90244708994709 0.6049107142857143 0.9083994708994709 0.5796130952380952 0.9140211640211641 0.5220734126984127 0.9070767195767195 0.498015873015873 0.9074074074074074 0.4880952380952381 0.9107142857142857 0.48313492063492064 0.9226190476190477 0.4751984126984127 0.9255952380952381 0.46825396825396826 0.9338624338624338 0.4595734126984127 0.9371693121693122 0.44990079365079366 0.9371693121693122 0.421875 0.9490740740740741 0.41865079365079366 0.9699074074074074 0.41889880952380953
1 0.8667328042328042 0.4156746031746032 0.8865740740740741 0.4174107142857143 0.8912037037037037 0.42162698412698413 0.8908730158730159 0.4322916666666667 0.8849206349206349 0.44221230158730157 0.8849206349206349 0.45362103174603174 0.8888888888888888 0.46651785714285715 0.9011243386243386 0.48759920634920634 0.9110449735449735 0.5203373015873016 0.9070767195767195 0.5788690476190477 0.9011243386243386 0.6019345238095238 0.8882275132275133 0.6299603174603174 0.8865740740740741 0.6507936507936508 0.8720238095238095 0.6535218253968254 0.8244047619047619 0.6537698412698413 0.8214285714285714 0.6567460317460317 0.8257275132275133 0.6594742063492064 0.8766534391534392 0.6589781746031746 0.8855820105820106 0.6619543650793651 0.8882275132275133 0.6686507936507936 0.8875661375661376 0.6788194444444444 0.8832671957671958 0.6810515873015873 0.8700396825396826 0.6822916666666666 0.8888888888888888 0.6857638888888888 0.8855820105820106 0.703125 0.8875661375661376 0.7108134920634921 0.8796296296296297 0.722718253968254 0.8640873015873016 0.7266865079365079 0.8442460317460317 0.7217261904761905 0.8313492063492064 0.7261904761904762 0.8210978835978836 0.7259424603174603 0.8101851851851852 0.7239583333333334 0.8022486772486772 0.7199900793650794 0.796957671957672 0.7132936507936508 0.8029100529100529 0.7063492063492064 0.7966269841269841 0.703125 0.7900132275132276 0.703125 0.7883597883597884 0.6959325396825397 0.7913359788359788 0.6917162698412699 0.796957671957672 0.6919642857142857 0.8095238095238095 0.685515873015873 0.8002645502645502 0.6805555555555556 0.7883597883597884 0.6795634920634921 0.7890211640211641 0.6681547619047619 0.8035714285714286 0.6607142857142857 0.8134920634920635 0.6612103174603174 0.8194444444444444 0.6577380952380952 0.7890211640211641 0.6530257936507936 0.7857142857142857 0.6510416666666666 0.7857142857142857 0.6458333333333334 0.7896825396825397 0.6299603174603174 0.7926587301587301 0.626984126984127 0.7926587301587301 0.6125992063492064 0.8019179894179894 0.5813492063492064 0.8072089947089947 0.5265376984126984 0.8035714285714286 0.49950396825396826 0.8048941798941799 0.49181547619047616 0.8257275132275133 0.46875 0.8326719576719577 0.45783730158730157 0.8359788359788359 0.44642857142857145 0.8349867724867724 0.43154761904761907 0.8379629629629629 0.4184027777777778 0.8452380952380952 0.41592261904761907 0.8664021164021164 0.4156746031746032
1 0.7533068783068783 0.41121031746031744 0.779431216931217 0.4134424603174603 0.7843915343915344 0.4184027777777778 0.781415343915344 0.44742063492063494 0.7847222222222222 0.4541170634920635 0.7853835978835979 0.46726190476190477 0.7979497354497355 0.4888392857142857 0.8048941798941799 0.5297619047619048 0.8002645502645502 0.5768849206349206 0.7824074074074074 0.6336805555555556 0.7800925925925926 0.6498015873015873 0.7767857142857143 0.6547619047619048 0.7658730158730159 0.6577380952380952 0.7681878306878307 0.6619543650793651 0.7724867724867724 0.6619543650793651 0.7827380952380952 0.6674107142857143 0.7833994708994709 0.6788194444444444 0.7764550264550265 0.683531746031746 0.7592592592592593 0.685515873015873 0.7619047619047619 0.6889880952380952 0.7757936507936508 0.6879960317460317 0.779431216931217 0.6902281746031746 0.7800925925925926 0.7033730158730159 0.7728174603174603 0.7098214285714286 0.7804232804232805 0.7132936507936508 0.7787698412698413 0.7199900793650794 0.7757936507936508 0.7239583333333334 0.7628968253968254 0.7284226190476191 0.7529761904761905 0.7281746031746031 0.7397486772486772 0.7244543650793651 0.7275132275132276 0.7294146825396826 0.7103174603174603 0.7276785714285714 0.7017195767195767 0.7237103174603174 0.6980820105820106 0.716765873015873 0.7080026455026455 0.7095734126984127 0.6832010582010583 0.7065972222222222 0.6818783068783069 0.7028769841269841 0.685515873015873 0.6877480158730159 0.6808862433862434 0.6671626984126984 0.6845238095238095 0.6646825396825397 0.6937830687830688 0.6636904761904762 0.7238756613756614 0.6622023809523809 0.7523148148148148 0.6634424603174603 0.7605820105820106 0.6617063492063492 0.7612433862433863 0.6577380952380952 0.7308201058201058 0.6555059523809523 0.7162698412698413 0.6574900793650794 0.6851851851851852 0.6564980158730159 0.6828703703703703 0.6195436507936508 0.6947751322751323 0.5793650793650794 0.6941137566137566 0.5463789682539683 0.6987433862433863 0.519593253968254 0.6987433862433863 0.49032738095238093 0.7248677248677249 0.4558531746031746 0.7278439153439153 0.4461805555555556 0.7301587301587301 0.4146825396825397 0.7347883597883598 0.4126984126984127 0.7529761904761905 0.41121031746031744
1 0.9904100529100529 0.051587301587301584 0.9996693121693122 0.052083333333333336 0.9996693121693122 0.23487103174603174 0.9771825396825397 0.23387896825396826 0.9712301587301587 0.23660714285714285 0.9666005291005291 0.2333829365079365 0.935515873015873 0.22817460317460317 0.9305555555555556 0.22569444444444445 0.9325396825396826 0.1922123015873016 0.9398148148148148 0.14384920634920634 0.9408068783068783 0.11879960317460317 0.9533730158730159 0.09598214285714286 0.9507275132275133 0.0835813492063492 0.9540343915343915 0.0642361111111111 0.9636243386243386 0.056051587301587304 0.9768518518518519 0.05233134920634921 0.9900793650793651 0.051587301587301584
1 0.906415343915344 0.034970238095238096 0.9183201058201058 0.03869047619047619 0.9209656084656085 0.04290674603174603 0.9216269841269841 0.0642361111111111 0.9166666666666666 0.07465277777777778 0.9166666666666666 0.08209325396825397 0.9236111111111112 0.10267857142857142 0.9328703703703703 0.11557539682539683 0.9378306878306878 0.1388888888888889 0.9305555555555556 0.20734126984126985 0.9259259259259259 0.22395833333333334 0.9183201058201058 0.22767857142857142 0.8621031746031746 0.2234623015873016 0.8452380952380952 0.2204861111111111 0.833994708994709 0.21676587301587302 0.832010582010582 0.21006944444444445 0.8396164021164021 0.1232638888888889 0.8416005291005291 0.1158234126984127 0.853505291005291 0.10416666666666667 0.8630952380952381 0.08134920634920635 0.8591269841269841 0.07242063492063493 0.8624338624338624 0.04836309523809524 0.8657407407407407 0.043154761904761904 0.8763227513227513 0.03794642857142857 0.8918650793650794 0.034970238095238096 0.906084656084656 0.034970238095238096
1 0.7999338624338624 0.019097222222222224 0.814484126984127 0.021825396825396824 0.8210978835978836 0.029017857142857144 0.8210978835978836 0.05431547619047619 0.816468253968254 0.060515873015873016 0.816468253968254 0.06994047619047619 0.8227513227513228 0.0873015873015873 0.8316798941798942 0.10193452380952381 0.8382936507936508 0.12921626984126985 0.8323412698412699 0.19518849206349206 0.828042328042328 0.2140376984126984 0.8214285714285714 0.2177579365079365 0.7688492063492064 0.21453373015873015 0.7384259259259259 0.21006944444444445 0.7298280423280423 0.2078373015873016 0.7268518518518519 0.203125 0.730489417989418 0.18625992063492064 0.736441798941799 0.11557539682539683 0.7400793650793651 0.10689484126984126 0.7529761904761905 0.08953373015873016 0.7628968253968254 0.06770833333333333 0.7589285714285714 0.057787698412698416 0.7619047619047619 0.03298611111111111 0.765542328042328 0.027281746031746032 0.7757936507936508 0.0220734126984127 0.7996031746031746 0.019097222222222224
2 0.4050925925925926 0.39657738095238093 0.42294973544973546 0.39831349206349204 0.4322089947089947 0.40228174603174605 0.43386243386243384 0.41517857142857145 0.42824074074074076 0.42857142857142855 0.4289021164021164 0.43526785714285715 0.45337301587301587 0.4742063492063492 0.46064814814814814 0.4928075396825397 0.45701058201058203 0.5818452380952381 0.45105820105820105 0.6019345238095238 0.4298941798941799 0.6465773809523809 0.4375 0.6617063492063492 0.43154761904761907 0.6639384920634921 0.3835978835978836 0.6666666666666666 0.3680555555555556 0.6651785714285714 0.3353174603174603 0.6681547619047619 0.330026455026455 0.6671626984126984 0.32837301587301587 0.6644345238095238 0.3501984126984127 0.6143353174603174 0.3316798941798942 0.5815972222222222 0.33630952380952384 0.4947916666666667 0.34424603174603174 0.4759424603174603 0.3558201058201058 0.4635416666666667 0.3773148148148148 0.4312996031746032 0.37863756613756616 0.4246031746031746 0.37433862433862436 0.41592261904761907 0.37665343915343913 0.39856150793650796 0.3802910052910053 0.39657738095238093 0.40476190476190477 0.39657738095238093
2 0.5184424603174603 0.5725446428571429 0.1137797619047619 0.3611309523809524
2 0.6276256613756614 0.5624528769841269 0.10589616402116403 0.3443402777777778
2 0.2574074074074074 0.5478546626984127 0.1256679894179894 0.3931994047619048
2 0.11896825396825396 0.5623139880952381 0.15195767195767196 0.37460565476190477
3 0.5658465608465608 0.15489335317460318 0.11356812169312169 0.28942460317460317
3 0.4492757936507936 0.1492534722222222 0.12024801587301587 0.28153769841269843
3 0.3306415343915344 0.1418154761904762 0.11827711640211641 0.27005704365079364