1 0.9325396825396826 0.003472222222222222 0.9457671957671958 0.007688492063492063 0.9490740740740741 0.01240079365079365 0.9503968253968254 0.03993055555555555 0.9454365079365079 0.04712301587301587 0.9451058201058201 0.05233134920634921 0.9553571428571429 0.07688492063492064 0.9632936507936508 0.08804563492063493 0.970568783068783 0.11334325396825397 0.9679232804232805 0.15823412698412698 0.9619708994708994 0.1949404761904762 0.958994708994709 0.20436507936507936 0.953042328042328 0.20734126984126985 0.8604497354497355 0.2003968253968254 0.8551587301587301 0.19940476190476192 0.8521825396825397 0.19593253968253968 0.8528439153439153 0.16220238095238096 0.8587962962962963 0.10143849206349206 0.8783068783068783 0.07589285714285714 0.8859126984126984 0.05828373015873016 0.8865740740740741 0.053323412698412696 0.8829365079365079 0.046875 0.8859126984126984 0.018105158730158732 0.8918650793650794 0.011408730158730158 0.9007936507936508 0.00744047619047619 0.9123677248677249 0.004216269841269841 0.9322089947089947 0.003472222222222222
1 0.7751322751322751 0 0.8326719576719577 0 0.8353174603174603 0.029017857142857144 0.830026455026455 0.036458333333333336 0.8296957671957672 0.04389880952380952 0.8373015873015873 0.0625 0.8528439153439153 0.08804563492063493 0.8548280423280423 0.10466269841269842 0.8508597883597884 0.17559523809523808 0.845568783068783 0.19717261904761904 0.8406084656084656 0.19890873015873015 0.8244047619047619 0.19915674603174602 0.8207671957671958 0.20163690476190477 0.8078703703703703 0.19766865079365079 0.75 0.1939484126984127 0.7397486772486772 0.1902281746031746 0.7347883597883598 0.18551587301587302 0.7394179894179894 0.10863095238095238 0.7437169312169312 0.0954861111111111 0.7566137566137566 0.07713293650793651 0.771494708994709 0.047867063492063495 0.7718253968253969 0.040674603174603176 0.7678571428571429 0.029513888888888888 0.7708333333333334 0.009176587301587302 0.7751322751322751 0.000248015873015873
1 0.904431216931217 0.4154265873015873 0.921957671957672 0.41716269841269843 0.9272486772486772 0.42137896825396826 0.9259259259259259 0.46304563492063494 0.9315476190476191 0.4774305555555556 0.9437830687830688 0.49429563492063494 0.9540343915343915 0.5190972222222222 0.9563492063492064 0.5396825396825397 0.9517195767195767 0.5994543650793651 0.9470899470899471 0.6173115079365079 0.9351851851851852 0.6443452380952381 0.9282407407407407 0.6688988095238095 0.9279100529100529 0.6788194444444444 0.9216269841269841 0.6812996031746031 0.9050925925925926 0.6820436507936508 0.908068783068783 0.6860119047619048 0.9272486772486772 0.6904761904761905 0.9325396825396826 0.7061011904761905 0.9275793650793651 0.7118055555555556 0.9113756613756614 0.7135416666666666 0.9282407407407407 0.7152777777777778 0.9305555555555556 0.7172619047619048 0.9318783068783069 0.7517361111111112 0.921957671957672 0.7619047619047619 0.9083994708994709 0.7641369047619048 0.8971560846560847 0.7638888888888888 0.8799603174603174 0.7571924603174603 0.8673941798941799 0.7621527777777778 0.8604497354497355 0.7626488095238095 0.8386243386243386 0.7586805555555556 0.8267195767195767 0.7517361111111112 0.8240740740740741 0.7472718253968254 0.8310185185185185 0.7420634920634921 0.8432539682539683 0.7405753968253969 0.8366402116402116 0.7373511904761905 0.8247354497354498 0.7358630952380952 0.8207671957671958 0.7371031746031746 0.8174603174603174 0.7348710317460317 0.8158068783068783 0.7259424603174603 0.810515873015873 0.7249503968253969 0.8174603174603174 0.7192460317460317 0.8313492063492064 0.7157738095238095 0.8349867724867724 0.7165178571428571 0.8392857142857143 0.7137896825396826 0.8293650793650794 0.7088293650793651 0.8151455026455027 0.7065972222222222 0.8115079365079365 0.6971726190476191 0.8128306878306878 0.6912202380952381 0.8244047619047619 0.6879960317460317 0.855489417989418 0.6867559523809523 0.8624338624338624 0.6822916666666666 0.8267195767195767 0.6790674603174603 0.8134920634920635 0.6753472222222222 0.8191137566137566 0.6619543650793651 0.8174603174603174 0.6498015873015873 0.8220899470899471 0.640625 0.8244047619047619 0.6135912698412699 0.8290343915343915 0.5997023809523809 0.833994708994709 0.5367063492063492 0.8313492063492064 0.5114087301587301 0.833994708994709 0.5049603174603174 0.8416005291005291 0.4982638888888889 0.8508597883597884 0.49603174603174605 0.8515211640211641 0.48561507936507936 0.8647486772486772 0.4660218253968254 0.8690476190476191 0.45287698412698413 0.873015873015873 0.41865079365079366 0.8786375661375662 0.4164186507936508 0.9041005291005291 0.4154265873015873
1 0.9996693121693122 0.42038690476190477 0.9996693121693122 0.6808035714285714 0.9861111111111112 0.685515873015873 0.9996693121693122 0.6902281746031746 0.9996693121693122 0.7103174603174603 0.9887566137566137 0.7132936507936508 0.9914021164021164 0.7157738095238095 0.9996693121693122 0.7172619047619048 0.9996693121693122 0.7368551587301587 0.9907407407407407 0.7410714285714286 0.9996693121693122 0.7425595238095238 0.9996693121693122 0.7633928571428571 0.9953703703703703 0.7638888888888888 0.9702380952380952 0.7544642857142857 0.9533730158730159 0.7532242063492064 0.9388227513227513 0.748015873015873 0.9388227513227513 0.7423115079365079 0.9490740740740741 0.7408234126984127 0.9460978835978836 0.7375992063492064 0.9391534391534392 0.7368551587301587 0.935515873015873 0.7341269841269841 0.9365079365079365 0.7202380952380952 0.9424603174603174 0.7170138888888888 0.9632936507936508 0.7157738095238095 0.9675925925925926 0.7130456349206349 0.9404761904761905 0.7093253968253969 0.9381613756613757 0.7063492063492064 0.9384920634920635 0.6922123015873016 0.9464285714285714 0.6887400793650794 0.9831349206349206 0.6852678571428571 0.9775132275132276 0.6817956349206349 0.9666005291005291 0.6827876984126984 0.9358465608465608 0.6798115079365079 0.933531746031746 0.6783234126984127 0.9325396825396826 0.6708829365079365 0.9361772486772487 0.6478174603174603 0.9417989417989417 0.6401289682539683 0.9543650793650794 0.5992063492063492 0.9583333333333334 0.5364583333333334 0.9573412698412699 0.5111607142857143 0.9543650793650794 0.5049603174603174 0.9603174603174603 0.4945436507936508 0.9791666666666666 0.47767857142857145 0.9847883597883598 0.4677579365079365 0.9890873015873016 0.4565972222222222 0.9871031746031746 0.43080357142857145 0.9910714285714286 0.42162698412698413 0.9993386243386243 0.42038690476190477
1 0.7817460317460317 0.41121031746031744 0.7999338624338624 0.41294642857142855 0.8048941798941799 0.4174107142857143 0.8055555555555556 0.4332837301587302 0.8009259259259259 0.4419642857142857 0.8005952380952381 0.45362103174603174 0.8095238095238095 0.4799107142857143 0.8227513227513228 0.498015873015873 0.8306878306878307 0.5386904761904762 0.826058201058201 0.5952380952380952 0.8197751322751323 0.609375 0.8184523809523809 0.6232638888888888 0.8121693121693122 0.6334325396825397 0.8039021164021164 0.6574900793650794 0.8048941798941799 0.6684027777777778 0.8022486772486772 0.6783234126984127 0.7943121693121693 0.6810515873015873 0.7787698412698413 0.6815476190476191 0.7685185185185185 0.6793154761904762 0.7450396825396826 0.6820436507936508 0.7490079365079365 0.6860119047619048 0.7933201058201058 0.6867559523809523 0.8015873015873016 0.6892361111111112 0.8045634920634921 0.7075892857142857 0.8002645502645502 0.7137896825396826 0.8072089947089947 0.7482638888888888 0.7962962962962963 0.7589285714285714 0.7800925925925926 0.7621527777777778 0.7582671957671958 0.7559523809523809 0.7450396825396826 0.7606646825396826 0.734457671957672 0.7609126984126984 0.7242063492063492 0.7589285714285714 0.7162698412698413 0.7544642857142857 0.7106481481481481 0.7442956349206349 0.7132936507936508 0.7385912698412699 0.7172619047619048 0.7375992063492064 0.7063492063492064 0.7351190476190477 0.6931216931216931 0.7274305555555556 0.6927910052910053 0.7202380952380952 0.6960978835978836 0.7170138888888888 0.7063492063492064 0.7150297619047619 0.7235449735449735 0.7157738095238095 0.7318121693121693 0.7132936507936508 0.7208994708994709 0.7103174603174603 0.7043650793650794 0.7108134920634921 0.6964285714285714 0.7088293650793651 0.6924603174603174 0.7008928571428571 0.6921296296296297 0.6919642857142857 0.6964285714285714 0.6872519841269841 0.7308201058201058 0.6867559523809523 0.7328042328042328 0.6832837301587301 0.7308201058201058 0.6798115079365079 0.7053571428571429 0.6790674603174603 0.6987433862433863 0.675843253968254 0.7020502645502645 0.6463293650793651 0.6970899470899471 0.6225198412698413 0.705026455026455 0.5925099206349206 0.7096560846560847 0.5004960317460317 0.7215608465608465 0.49107142857142855 0.7394179894179894 0.4642857142857143 0.7466931216931217 0.44345238095238093 0.7430555555555556 0.4330357142857143 0.7463624338624338 0.41443452380952384 0.7526455026455027 0.41096230158730157 0.781415343915344 0.41121031746031744
1 0.9947089947089947 0.030009920634920636 0.9996693121693122 0.027529761904761904 0.9996693121693122 0.2130456349206349 0.9947089947089947 0.2095734126984127 0.9666005291005291 0.20734126984126985 0.9629629629629629 0.20386904761904762 0.9718915343915344 0.12177579365079365 0.9715608465608465 0.1039186507936508 0.982473544973545 0.09151785714285714 0.9933862433862434 0.06820436507936507 0.9890873015873016 0.056051587301587304 0.9947089947089947 0.030257936507936508
1 0.6541005291005291 0 0.7159391534391535 0 0.7172619047619048 0.020089285714285716 0.7123015873015873 0.031001984126984128 0.7123015873015873 0.037450396825396824 0.7192460317460317 0.056051587301587304 0.7347883597883598 0.08506944444444445 0.7371031746031746 0.10094246031746032 0.7337962962962963 0.15426587301587302 0.7245370370370371 0.18973214285714285 0.7096560846560847 0.19196428571428573 0.685515873015873 0.1902281746031746 0.6736111111111112 0.19246031746031747 0.6785714285714286 0.1956845238095238 0.6822089947089947 0.19419642857142858 0.6858465608465608 0.19766865079365079 0.7099867724867724 0.19866071428571427 0.7192460317460317 0.203125 0.718584656084656 0.21676587301587302 0.7152777777777778 0.2244543650793651 0.6921296296296297 0.22495039682539683 0.6762566137566137 0.22271825396825398 0.6706349206349206 0.22395833333333334 0.6736111111111112 0.2286706349206349 0.7099867724867724 0.2326388888888889 0.718584656084656 0.2361111111111111 0.7195767195767195 0.25223214285714285 0.7033730158730159 0.2584325396825397 0.7109788359788359 0.26165674603174605 0.7080026455026455 0.28174603174603174 0.703042328042328 0.2849702380952381 0.6742724867724867 0.2849702380952381 0.6597222222222222 0.2829861111111111 0.6603835978835979 0.2673611111111111 0.6646825396825397 0.2564484126984127 0.6802248677248677 0.2564484126984127 0.6858465608465608 0.2584325396825397 0.6977513227513228 0.2562003968253968 0.6891534391534392 0.2537202380952381 0.667989417989418 0.25322420634920634 0.6633597883597884 0.25 0.6673280423280423 0.1892361111111111 0.6610449735449735 0.18675595238095238 0.646494708994709 0.18774801587301587 0.6160714285714286 0.18551587301587302 0.6121031746031746 0.1827876984126984 0.6207010582010583 0.09523809523809523 0.6246693121693122 0.08407738095238096 0.6431878306878307 0.05803571428571429 0.6537698412698413 0.037698412698412696 0.6547619047619048 0.03273809523809524 0.6507936507936508 0.02132936507936508 0.6541005291005291 0.000248015873015873
2 0.6407804232804233 0.5909052579365079 0.11943452380952381 0.37806051587301587
2 0.5122685185185185 0.5842733134920635 0.12684193121693121 0.3830654761904762
2 0.37546626984126985 0.5826041666666667 0.13507275132275132 0.38494791666666667
2 0.23221891534391534 0.5729141865079365 0.1443287037037037 0.3916641865079365
2 0.0904728835978836 0.5662921626984126 0.13918981481481482 0.40712301587301586
3 0.5557407407407408 0.14890376984126985 0.11197089947089948 0.286780753968254
3 0.4360350529100529 0.1449454365079365 0.12734126984126984 0.2862152777777778
3 0.3092559523809524 0.13984126984126985 0.11875661375661375 0.27600942460317457