1 0.07837301587301587 0.38938492063492064 0.10218253968253968 0.39186507936507936 0.10615079365079365 0.3975694444444444 0.10449735449735449 0.4193948412698413 0.11375661375661375 0.4573412698412698 0.10978835978835978 0.47371031746031744 0.10945767195767196 0.5017361111111112 0.10978835978835978 0.5238095238095238 0.11441798941798942 0.5535714285714286 0.10945767195767196 0.5560515873015873 0.03935185185185185 0.5533234126984127 0.03505291005291005 0.5515873015873016 0.032407407407407406 0.5436507936507936 0.03042328042328042 0.5109126984126984 0.032407407407407406 0.4632936507936508 0.05555555555555555 0.423859126984127 0.05357142857142857 0.39459325396825395 0.06018518518518518 0.39037698412698413 0.07804232804232804 0.38938492063492064
1 0.2830687830687831 0.7162698412698413 0.29993386243386244 0.7177579365079365 0.3058862433862434 0.7212301587301587 0.30324074074074076 0.7447916666666666 0.3220899470899471 0.7762896825396826 0.32936507936507936 0.7934027777777778 0.3237433862433862 0.8224206349206349 0.32142857142857145 0.8536706349206349 0.3220899470899471 0.8819444444444444 0.3287037037037037 0.9064980158730159 0.32605820105820105 0.9499007936507936 0.3210978835978836 0.9538690476190477 0.3039021164021164 0.9513888888888888 0.29034391534391535 0.953125 0.3101851851851852 0.9623015873015873 0.32076719576719576 0.9632936507936508 0.32837301587301587 0.9662698412698413 0.3290343915343915 0.9734623015873016 0.3220899470899471 0.9809027777777778 0.265542328042328 0.9749503968253969 0.251984126984127 0.9717261904761905 0.24371693121693122 0.9737103174603174 0.2622354497354497 0.9791666666666666 0.2724867724867725 0.9794146825396826 0.30357142857142855 0.9866071428571429 0.31712962962962965 0.9878472222222222 0.32043650793650796 0.9913194444444444 0.3125 0.9997519841269841 0.2880291005291005 0.9997519841269841 0.2876984126984127 0.998015873015873 0.26884920634920634 0.9957837301587301 0.2619047619047619 0.9930555555555556 0.23148148148148148 0.9890873015873016 0.22387566137566137 0.9898313492063492 0.2222222222222222 0.9878472222222222 0.22387566137566137 0.9771825396825397 0.2294973544973545 0.9704861111111112 0.22817460317460317 0.9635416666666666 0.23247354497354497 0.9513888888888888 0.25 0.9499007936507936 0.2523148148148148 0.9461805555555556 0.24107142857142858 0.9439484126984127 0.23578042328042328 0.9397321428571429 0.2347883597883598 0.9134424603174603 0.22883597883597884 0.8921130952380952 0.2275132275132275 0.8767361111111112 0.22288359788359788 0.8650793650793651 0.22685185185185186 0.8102678571428571 0.2371031746031746 0.7814980158730159 0.2569444444444444 0.7475198412698413 0.2576058201058201 0.7380952380952381 0.25297619047619047 0.7172619047619048 0.25826719576719576 0.7150297619047619 0.28273809523809523 0.7162698412698413
1 0.3488756613756614 0.3923611111111111 0.3627645502645503 0.39360119047619047 0.36706349206349204 0.39732142857142855 0.3654100529100529 0.4280753968253968 0.3835978835978836 0.47643849206349204 0.3816137566137566 0.5295138888888888 0.3845899470899471 0.5620039682539683 0.3835978835978836 0.5649801587301587 0.37797619047619047 0.5672123015873016 0.36474867724867727 0.5662202380952381 0.3462301587301587 0.5682043650793651 0.30257936507936506 0.5647321428571429 0.29894179894179895 0.5597718253968254 0.291005291005291 0.5262896825396826 0.2906746031746032 0.5131448412698413 0.2933201058201058 0.46999007936507936 0.29927248677248675 0.45634920634920634 0.3039021164021164 0.45362103174603174 0.310515873015873 0.44345238095238093 0.3191137566137566 0.4226190476190476 0.31547619047619047 0.40600198412698413 0.31746031746031744 0.39558531746031744 0.32407407407407407 0.392609126984127 0.34854497354497355 0.3923611111111111
1 0.164021164021164 0.3896329365079365 0.17923280423280424 0.39037698412698413 0.1865079365079365 0.39360119047619047 0.18584656084656084 0.4283234126984127 0.2003968253968254 0.4625496031746032 0.19775132275132276 0.47643849206349204 0.19675925925925927 0.5255456349206349 0.2027116402116402 0.5575396825396826 0.19808201058201058 0.5600198412698413 0.18253968253968253 0.5602678571428571 0.15707671957671956 0.5590277777777778 0.14417989417989419 0.5560515873015873 0.11937830687830688 0.5562996031746031 0.11607142857142858 0.5538194444444444 0.11210317460317461 0.5307539682539683 0.11210317460317461 0.4724702380952381 0.12301587301587301 0.4479166666666667 0.13822751322751323 0.42509920634920634 0.1388888888888889 0.41220238095238093 0.13525132275132276 0.3940972222222222 0.14054232804232805 0.39012896825396826 0.1636904761904762 0.3896329365079365
1 0.5519179894179894 0.3943452380952381 0.560515873015873 0.3960813492063492 0.5638227513227513 0.40054563492063494 0.5638227513227513 0.4114583333333333 0.5591931216931217 0.419890873015873 0.5611772486772487 0.43526785714285715 0.5823412698412699 0.47966269841269843 0.5823412698412699 0.5310019841269841 0.5737433862433863 0.591765873015873 0.5796957671957672 0.609375 0.5803571428571429 0.6205357142857143 0.5720899470899471 0.6411210317460317 0.5601851851851852 0.6465773809523809 0.5575396825396826 0.6423611111111112 0.5562169312169312 0.6195436507936508 0.5532407407407407 0.6168154761904762 0.548941798941799 0.6475694444444444 0.5446428571428571 0.6507936507936508 0.5357142857142857 0.6475694444444444 0.5188492063492064 0.6490575396825397 0.5165343915343915 0.6470734126984127 0.519510582010582 0.5850694444444444 0.5211640211640212 0.582093253968254 0.5248015873015873 0.5813492063492064 0.5502645502645502 0.5845734126984127 0.5535714285714286 0.5885416666666666 0.5532407407407407 0.6001984126984127 0.5568783068783069 0.6024305555555556 0.5615079365079365 0.591765873015873 0.5582010582010583 0.5808531746031746 0.5535714285714286 0.5773809523809523 0.5188492063492064 0.576140873015873 0.4861111111111111 0.5716765873015873 0.4828042328042328 0.5689484126984127 0.48214285714285715 0.5637400793650794 0.4851190476190476 0.5367063492063492 0.48544973544973546 0.4749503968253968 0.5099206349206349 0.43774801587301587 0.5125661375661376 0.42658730158730157 0.5119047619047619 0.39831349206349204 0.5148809523809523 0.39533730158730157 0.521494708994709 0.39384920634920634 0.5515873015873016 0.3943452380952381
1 0.4705687830687831 0.732390873015873 0.49966931216931215 0.734375 0.515542328042328 0.7378472222222222 0.5158730158730159 0.7437996031746031 0.5112433862433863 0.7517361111111112 0.5119047619047619 0.7586805555555556 0.5185185185185185 0.7728174603174603 0.5360449735449735 0.7899305555555556 0.541005291005291 0.8100198412698413 0.5419973544973545 0.8221726190476191 0.5376984126984127 0.8509424603174603 0.5390211640211641 0.875 0.5370370370370371 0.9000496031746031 0.533068783068783 0.9104662698412699 0.531084656084656 0.9345238095238095 0.5324074074074074 0.964781746031746 0.5291005291005291 0.980406746031746 0.5148809523809523 0.9813988095238095 0.4947089947089947 0.9766865079365079 0.4642857142857143 0.9751984126984127 0.453042328042328 0.9732142857142857 0.4470899470899471 0.9694940476190477 0.45006613756613756 0.9459325396825397 0.44775132275132273 0.9357638888888888 0.44246031746031744 0.9320436507936508 0.44775132275132273 0.9216269841269841 0.44675925925925924 0.8931051587301587 0.43683862433862436 0.8844246031746031 0.43353174603174605 0.876984126984127 0.43386243386243384 0.8325892857142857 0.4351851851851852 0.8201884920634921 0.44113756613756616 0.8040674603174603 0.4656084656084656 0.7678571428571429 0.4679232804232804 0.7524801587301587 0.4652777777777778 0.7368551587301587 0.4669312169312169 0.7331349206349206 0.47023809523809523 0.7326388888888888
1 0.4580026455026455 0.39360119047619047 0.46296296296296297 0.3978174603174603 0.46395502645502645 0.40327380952380953 0.4636243386243386 0.4126984126984127 0.45866402116402116 0.42137896825396826 0.45866402116402116 0.4322916666666667 0.482473544973545 0.47693452380952384 0.48148148148148145 0.5310019841269841 0.4775132275132275 0.5679563492063492 0.47453703703703703 0.5719246031746031 0.47023809523809523 0.5729166666666666 0.4444444444444444 0.5734126984126984 0.4226190476190476 0.5694444444444444 0.40476190476190477 0.5711805555555556 0.4054232804232804 0.5744047619047619 0.4087301587301587 0.5753968253968254 0.4348544973544973 0.5778769841269841 0.4487433862433862 0.576140873015873 0.46825396825396826 0.5813492063492064 0.4708994708994709 0.5932539682539683 0.4679232804232804 0.5989583333333334 0.4540343915343915 0.6014384920634921 0.43683862433862436 0.5987103174603174 0.43287037037037035 0.6019345238095238 0.4441137566137566 0.6044146825396826 0.4566798941798942 0.6026785714285714 0.4771825396825397 0.6068948412698413 0.4781746031746032 0.6086309523809523 0.4791666666666667 0.623015873015873 0.4732142857142857 0.6267361111111112 0.47453703703703703 0.6307043650793651 0.4705687830687831 0.6408730158730159 0.4599867724867725 0.6408730158730159 0.45205026455026454 0.6478174603174603 0.4451058201058201 0.6493055555555556 0.4322089947089947 0.6488095238095238 0.42493386243386244 0.6460813492063492 0.4041005291005291 0.6473214285714286 0.39087301587301587 0.6450892857142857 0.38921957671957674 0.6431051587301587 0.38822751322751325 0.6292162698412699 0.39384920634920634 0.6227678571428571 0.38855820105820105 0.6160714285714286 0.38855820105820105 0.6051587301587301 0.4001322751322751 0.6016865079365079 0.4252645502645503 0.6036706349206349 0.42857142857142855 0.6021825396825397 0.42857142857142855 0.5989583333333334 0.42394179894179895 0.5974702380952381 0.4080687830687831 0.5984623015873016 0.3921957671957672 0.5952380952380952 0.39351851851851855 0.578125 0.3998015873015873 0.5744047619047619 0.4007936507936508 0.5711805555555556 0.39186507936507936 0.5674603174603174 0.38392857142857145 0.5300099206349206 0.38525132275132273 0.48735119047619047 0.3872354497354497 0.4774305555555556 0.41203703703703703 0.42857142857142855 0.4097222222222222 0.40327380952380953 0.4126984126984127 0.3940972222222222 0.42294973544973546 0.39211309523809523 0.4576719576719577 0.39360119047619047
1 0.3644179894179894 0.7229662698412699 0.4007936507936508 0.7264384920634921 0.4037698412698413 0.7284226190476191 0.4054232804232804 0.7413194444444444 0.40244708994708994 0.748015873015873 0.40343915343915343 0.7574404761904762 0.4156746031746032 0.779265873015873 0.41898148148148145 0.7953869047619048 0.4298941798941799 0.8174603174603174 0.42857142857142855 0.8762400793650794 0.4262566137566138 0.8814484126984127 0.4126984126984127 0.8940972222222222 0.4074074074074074 0.9151785714285714 0.40773809523809523 0.9203869047619048 0.4126984126984127 0.921875 0.4044312169312169 0.9384920634920635 0.40773809523809523 0.941468253968254 0.4150132275132275 0.9412202380952381 0.4169973544973545 0.9466765873015873 0.4146825396825397 0.9533730158730159 0.4074074074074074 0.957093253968254 0.4083994708994709 0.9632936507936508 0.3978174603174603 0.964781746031746 0.3382936507936508 0.955109126984127 0.3296957671957672 0.8911210317460317 0.32407407407407407 0.8809523809523809 0.3253968253968254 0.8350694444444444 0.3296957671957672 0.8107638888888888 0.335978835978836 0.7941468253968254 0.35615079365079366 0.7584325396825397 0.35615079365079366 0.748015873015873 0.3531746031746032 0.7413194444444444 0.3544973544973545 0.7256944444444444 0.35714285714285715 0.7229662698412699 0.36408730158730157 0.7229662698412699
1 0.17096560846560846 0.7065972222222222 0.20006613756613756 0.7085813492063492 0.2099867724867725 0.7120535714285714 0.21064814814814814 0.7197420634920635 0.20734126984126985 0.7269345238095238 0.20899470899470898 0.7410714285714286 0.2113095238095238 0.7462797619047619 0.22784391534391535 0.7621527777777778 0.23015873015873015 0.7690972222222222 0.2318121693121693 0.7824900793650794 0.22453703703703703 0.8082837301587301 0.22156084656084657 0.8670634920634921 0.23148148148148148 0.9089781746031746 0.23247354497354497 0.9278273809523809 0.23082010582010581 0.9392361111111112 0.22486772486772486 0.9407242063492064 0.14484126984126985 0.9305555555555556 0.13690476190476192 0.9283234126984127 0.1345899470899471 0.9253472222222222 0.13624338624338625 0.8973214285714286 0.12896825396825398 0.8687996031746031 0.13227513227513227 0.7904265873015873 0.1359126984126984 0.779265873015873 0.16137566137566137 0.7442956349206349 0.16038359788359788 0.7103174603174603 0.16468253968253968 0.7065972222222222 0.17063492063492064 0.7065972222222222
1 0.24933862433862433 0.39012896825396826 0.26851851851851855 0.39186507936507936 0.2757936507936508 0.39533730158730157 0.27645502645502645 0.4045138888888889 0.27215608465608465 0.41121031746031744 0.27380952380952384 0.4255952380952381 0.29034391534391535 0.46875 0.28935185185185186 0.5260416666666666 0.2962962962962963 0.5607638888888888 0.2867063492063492 0.5634920634920635 0.2542989417989418 0.5639880952380952 0.2728174603174603 0.5704365079365079 0.296957671957672 0.5746527777777778 0.29728835978835977 0.5825892857142857 0.2900132275132275 0.5895337301587301 0.2728174603174603 0.5892857142857143 0.25826719576719576 0.5920138888888888 0.2619047619047619 0.5944940476190477 0.2906746031746032 0.5987103174603174 0.2873677248677249 0.613343253968254 0.26951058201058203 0.6140873015873016 0.2665343915343915 0.6160714285714286 0.28604497354497355 0.6190476190476191 0.28835978835978837 0.6225198412698413 0.2863756613756614 0.6326884920634921 0.2698412698412698 0.6371527777777778 0.24834656084656084 0.6331845238095238 0.23544973544973544 0.6359126984126984 0.20866402116402116 0.6336805555555556 0.20238095238095238 0.6309523809523809 0.20006613756613756 0.6237599206349206 0.2013888888888889 0.6158234126984127 0.2166005291005291 0.6128472222222222 0.20304232804232805 0.6098710317460317 0.20072751322751323 0.6056547619047619 0.20205026455026456 0.5964781746031746 0.20899470899470898 0.5887896825396826 0.20899470899470898 0.5691964285714286 0.2199074074074074 0.5659722222222222 0.23644179894179895 0.5682043650793651 0.2457010582010582 0.5674603174603174 0.24338624338624337 0.5637400793650794 0.21957671957671956 0.5625 0.20734126984126985 0.5590277777777778 0.1984126984126984 0.5235615079365079 0.1984126984126984 0.511656746031746 0.20006613756613756 0.4809027777777778 0.20535714285714285 0.4635416666666667 0.21593915343915343 0.4494047619047619 0.22685185185185186 0.4260912698412698 0.22718253968253968 0.4089781746031746 0.22387566137566137 0.3958333333333333 0.2294973544973545 0.390625 0.2490079365079365 0.39012896825396826
2 0.08994708994708994 0 0.12003968253968254 0 0.12037037037037036 0.001736111111111111 0.13326719576719576 0.006696428571428571 0.13855820105820105 0.01240079365079365 0.14087301587301587 0.03695436507936508 0.13690476190476192 0.043402777777777776 0.1550925925925926 0.07316468253968254 0.15575396825396826 0.15327380952380953 0.16236772486772486 0.18625992063492064 0.16038359788359788 0.19618055555555555 0.15013227513227514 0.20932539682539683 0.14914021164021163 0.2177579365079365 0.07374338624338625 0.22197420634920634 0.0701058201058201 0.21999007936507936 0.06349206349206349 0.20510912698412698 0.05092592592592592 0.1644345238095238 0.05291005291005291 0.0845734126984127 0.06316137566137567 0.06349206349206349 0.08664021164021164 0.036210317460317464 0.08333333333333333 0.024057539682539684 0.08564814814814815 0.007936507936507936 0.08994708994708994 0.000248015873015873
2 0 0.6917162698412699 0.02976190476190476 0.6929563492063492 0.037037037037037035 0.6961805555555556 0.0419973544973545 0.7061011904761905 0.04794973544973545 0.7301587301587301 0.05423280423280423 0.7395833333333334 0.05026455026455026 0.7504960317460317 0.03902116402116402 0.7666170634920635 0.035383597883597885 0.7777777777777778 0.03439153439153439 0.830109126984127 0.04497354497354497 0.8869047619047619 0.03373015873015873 0.9114583333333334 0 0.9074900793650794 0 0.6919642857142857
2 0.07374338624338625 0.6981646825396826 0.10978835978835978 0.7016369047619048 0.11706349206349206 0.7041170634920635 0.11772486772486772 0.7239583333333334 0.13756613756613756 0.7492559523809523 0.1431878306878307 0.7619047619047619 0.14252645502645503 0.7686011904761905 0.12996031746031747 0.7864583333333334 0.12665343915343916 0.8665674603174603 0.13525132275132276 0.9097222222222222 0.13194444444444445 0.9253472222222222 0.12797619047619047 0.9273313492063492 0.0744047619047619 0.9201388888888888 0.04398148148148148 0.9144345238095238 0.03802910052910053 0.9114583333333334 0.0419973544973545 0.8943452380952381 0.05092592592592592 0.8764880952380952 0.03835978835978836 0.8489583333333334 0.03571428571428571 0.8293650793650794 0.03736772486772487 0.7757936507936508 0.04133597883597884 0.7651289682539683 0.06911375661375661 0.7274305555555556 0.06580687830687831 0.7088293650793651 0.06812169312169312 0.6994047619047619 0.07341269841269842 0.6981646825396826
2 0.1884920634920635 0 0.24173280423280424 0 0.24537037037037038 0.021825396825396824 0.24074074074074073 0.029513888888888888 0.24173280423280424 0.03298611111111111 0.2566137566137566 0.053075396825396824 0.26587301587301587 0.07118055555555555 0.26521164021164023 0.14459325396825398 0.2691798941798942 0.17683531746031747 0.2662037037037037 0.18799603174603174 0.2569444444444444 0.1996527777777778 0.25826719576719576 0.2105654761904762 0.2552910052910053 0.21378968253968253 0.1818783068783069 0.21750992063492064 0.17857142857142858 0.2160218253968254 0.17162698412698413 0.20510912698412698 0.1636904761904762 0.1827876984126984 0.15773809523809523 0.1552579365079365 0.16005291005291006 0.10342261904761904 0.15773809523809523 0.07886904761904762 0.1636904761904762 0.058779761904761904 0.18981481481481483 0.02628968253968254 0.1865079365079365 0.016121031746031748 0.1884920634920635 0.000248015873015873
2 0.32671957671957674 0.15409970238095239 0.11116402116402117 0.30439980158730157
2 0.44521825396825393 0.14517361111111113 0.12179563492063492 0.2890823412698412