1 0.49437830687830686 0.41393849206349204 0.515542328042328 0.4146825396825397 0.5211640211640212 0.4181547619047619 0.5228174603174603 0.4290674603174603 0.5201719576719577 0.43799603174603174 0.5208333333333334 0.4506448412698413 0.5248015873015873 0.4635416666666667 0.5400132275132276 0.4898313492063492 0.5386904761904762 0.5362103174603174 0.5337301587301587 0.5682043650793651 0.5307539682539683 0.5744047619047619 0.5115740740740741 0.576140873015873 0.4837962962962963 0.5756448412698413 0.48048941798941797 0.574156746031746 0.476521164021164 0.5773809523809523 0.5069444444444444 0.5815972222222222 0.5152116402116402 0.580109126984127 0.5224867724867724 0.5813492063492064 0.5281084656084656 0.5848214285714286 0.5284391534391535 0.5952380952380952 0.5241402116402116 0.5997023809523809 0.4818121693121693 0.6021825396825397 0.49437830687830686 0.6051587301587301 0.4976851851851852 0.6026785714285714 0.5085978835978836 0.6041666666666666 0.5228174603174603 0.6066468253968254 0.5271164021164021 0.6091269841269841 0.5281084656084656 0.6207837301587301 0.5327380952380952 0.6232638888888888 0.5092592592592593 0.6252480158730159 0.5095899470899471 0.626984126984127 0.529431216931217 0.6294642857142857 0.5257936507936508 0.6371527777777778 0.5109126984126984 0.6450892857142857 0.4599867724867725 0.6418650793650794 0.45634920634920634 0.636656746031746 0.45601851851851855 0.628968253968254 0.4626322751322751 0.6225198412698413 0.4540343915343915 0.6163194444444444 0.4540343915343915 0.6056547619047619 0.4775132275132275 0.6021825396825397 0.4603174603174603 0.5959821428571429 0.460978835978836 0.5811011904761905 0.4689153439153439 0.5746527777777778 0.45965608465608465 0.5716765873015873 0.4576719576719577 0.5679563492063492 0.45105820105820105 0.5372023809523809 0.45171957671957674 0.4975198412698413 0.4576719576719577 0.4774305555555556 0.4642857142857143 0.47023809523809523 0.4755291005291005 0.44915674603174605 0.47619047619047616 0.41716269841269843 0.4808201058201058 0.41418650793650796 0.49404761904761907 0.41393849206349204
1 0.16666666666666666 0.40773809523809523 0.17857142857142858 0.41096230158730157 0.18088624338624337 0.4146825396825397 0.1775793650793651 0.43898809523809523 0.18981481481481483 0.4645337301587302 0.19246031746031747 0.560515873015873 0.18353174603174602 0.5627480158730159 0.1259920634920635 0.560515873015873 0.12169312169312169 0.5615079365079365 0.12003968253968254 0.5642361111111112 0.1335978835978836 0.566468253968254 0.16203703703703703 0.5662202380952381 0.18915343915343916 0.5689484126984127 0.19543650793650794 0.5714285714285714 0.19642857142857142 0.5798611111111112 0.19113756613756613 0.5855654761904762 0.17526455026455026 0.5860615079365079 0.16898148148148148 0.5882936507936508 0.17824074074074073 0.5935019841269841 0.1822089947089947 0.5930059523809523 0.18716931216931218 0.5954861111111112 0.18948412698412698 0.5989583333333334 0.1865079365079365 0.6034226190476191 0.167989417989418 0.6066468253968254 0.15476190476190477 0.6059027777777778 0.16071428571428573 0.6096230158730159 0.16534391534391535 0.6068948412698413 0.16765873015873015 0.6096230158730159 0.18981481481481483 0.6123511904761905 0.1917989417989418 0.6153273809523809 0.19014550264550265 0.6232638888888888 0.1474867724867725 0.6267361111111112 0.11937830687830688 0.6242559523809523 0.11541005291005291 0.6217757936507936 0.11210317460317461 0.6150793650793651 0.11243386243386243 0.6088789682539683 0.11474867724867725 0.6076388888888888 0.1474867724867725 0.6063988095238095 0.15145502645502645 0.6078869047619048 0.15443121693121692 0.6059027777777778 0.11838624338624339 0.6039186507936508 0.11276455026455026 0.6019345238095238 0.11243386243386243 0.5920138888888888 0.11607142857142858 0.5882936507936508 0.14087301587301587 0.5895337301587301 0.14351851851851852 0.5882936507936508 0.14351851851851852 0.5850694444444444 0.12037037037037036 0.5835813492063492 0.11474867724867725 0.5811011904761905 0.11474867724867725 0.5677083333333334 0.11937830687830688 0.5639880952380952 0.11937830687830688 0.5607638888888888 0.11474867724867725 0.5575396825396826 0.11177248677248677 0.5396825396825397 0.11177248677248677 0.48660714285714285 0.11805555555555555 0.4660218253968254 0.13624338624338625 0.43774801587301587 0.13425925925925927 0.41121031746031744 0.1402116402116402 0.4079861111111111 0.16633597883597884 0.40773809523809523
1 0.32242063492063494 0.41121031746031744 0.3416005291005291 0.4131944444444444 0.3482142857142857 0.4181547619047619 0.34523809523809523 0.4459325396825397 0.3654100529100529 0.4833829365079365 0.36177248677248675 0.5362103174603174 0.36706349206349204 0.5461309523809523 0.3680555555555556 0.5674603174603174 0.33564814814814814 0.5694444444444444 0.3091931216931217 0.5674603174603174 0.30158730158730157 0.5709325396825397 0.3098544973544973 0.5736607142857143 0.3627645502645503 0.5768849206349206 0.3673941798941799 0.580109126984127 0.3627645502645503 0.5922619047619048 0.34854497354497355 0.5930059523809523 0.3412698412698413 0.5910218253968254 0.3191137566137566 0.5952380952380952 0.36078042328042326 0.6011904761904762 0.3627645502645503 0.6128472222222222 0.30787037037037035 0.6128472222222222 0.31216931216931215 0.6165674603174603 0.32407407407407407 0.6183035714285714 0.3611111111111111 0.6195436507936508 0.35912698412698413 0.6297123015873016 0.35185185185185186 0.6336805555555556 0.3425925925925926 0.6349206349206349 0.3263888888888889 0.6321924603174603 0.3151455026455027 0.6349206349206349 0.2863756613756614 0.6331845238095238 0.2791005291005291 0.6304563492063492 0.2771164021164021 0.6240079365079365 0.27744708994708994 0.6192956349206349 0.2837301587301587 0.6128472222222222 0.28075396825396826 0.6081349206349206 0.2824074074074074 0.597718253968254 0.2896825396825397 0.5952380952380952 0.2986111111111111 0.5952380952380952 0.2962962962962963 0.591765873015873 0.2896825396825397 0.5895337301587301 0.28604497354497355 0.5806051587301587 0.289021164021164 0.5687003968253969 0.2843915343915344 0.5634920634920635 0.2767857142857143 0.5305059523809523 0.2781084656084656 0.49007936507936506 0.28273809523809523 0.4729662698412698 0.30092592592592593 0.4427083333333333 0.2996031746031746 0.4146825396825397 0.30423280423280424 0.4114583333333333 0.3220899470899471 0.41121031746031744
1 0.8343253968253969 0.5984623015873016 0.8627645502645502 0.6006944444444444 0.8713624338624338 0.6044146825396826 0.8733465608465608 0.6088789682539683 0.873015873015873 0.6294642857142857 0.8680555555555556 0.6336805555555556 0.8683862433862434 0.6378968253968254 0.8951719576719577 0.6788194444444444 0.8981481481481481 0.6882440476190477 0.8915343915343915 0.7795138888888888 0.8839285714285714 0.7981150793650794 0.888558201058201 0.8315972222222222 0.8878968253968254 0.8658234126984127 0.8786375661375662 0.8834325396825397 0.8697089947089947 0.8876488095238095 0.8558201058201058 0.8903769841269841 0.8316798941798942 0.8831845238095238 0.8078703703703703 0.8844246031746031 0.796957671957672 0.8807043650793651 0.7860449735449735 0.8712797619047619 0.7741402116402116 0.8526785714285714 0.7754629629629629 0.8209325396825397 0.7843915343915344 0.7978670634920635 0.7867063492063492 0.7839781746031746 0.7797619047619048 0.7571924603174603 0.779431216931217 0.7346230158730159 0.7847222222222222 0.7313988095238095 0.7880291005291006 0.7209821428571429 0.7820767195767195 0.7140376984126984 0.7837301587301587 0.7090773809523809 0.781415343915344 0.6927083333333334 0.78505291005291 0.6788194444444444 0.792989417989418 0.6654265873015873 0.8015873015873016 0.6587301587301587 0.8167989417989417 0.6403769841269841 0.8204365079365079 0.6021825396825397 0.8244047619047619 0.5989583333333334 0.833994708994709 0.5984623015873016
1 0.9732142857142857 0.6088789682539683 0.9996693121693122 0.6138392857142857 0.9996693121693122 0.9012896825396826 0.9947089947089947 0.9032738095238095 0.9771825396825397 0.9000496031746031 0.9527116402116402 0.9030257936507936 0.9328703703703703 0.8985615079365079 0.9183201058201058 0.8869047619047619 0.9034391534391535 0.8807043650793651 0.8958333333333334 0.8690476190476191 0.892526455026455 0.8534226190476191 0.8958333333333334 0.8311011904761905 0.9070767195767195 0.8072916666666666 0.9093915343915344 0.7941468253968254 0.9041005291005291 0.7720734126984127 0.9083994708994709 0.7316468253968254 0.9087301587301587 0.6924603174603174 0.9163359788359788 0.6800595238095238 0.9305555555555556 0.6686507936507936 0.9474206349206349 0.6475694444444444 0.9487433862433863 0.6195436507936508 0.9517195767195767 0.611359126984127 0.9563492063492064 0.609375 0.9728835978835979 0.6088789682539683
1 0.33630952380952384 0.7056051587301587 0.3707010582010582 0.7098214285714286 0.3673941798941799 0.7346230158730159 0.37466931216931215 0.7522321428571429 0.392526455026455 0.7817460317460317 0.3888888888888889 0.7993551587301587 0.3869047619047619 0.8524305555555556 0.39087301587301587 0.8695436507936508 0.39384920634920634 0.8732638888888888 0.38525132275132273 0.886656746031746 0.3855820105820106 0.8918650793650794 0.38921957671957674 0.8940972222222222 0.3855820105820106 0.8965773809523809 0.3845899470899471 0.9035218253968254 0.38525132275132273 0.9112103174603174 0.3872354497354497 0.9139384920634921 0.390542328042328 0.9126984126984127 0.390542328042328 0.9181547619047619 0.3872354497354497 0.9161706349206349 0.3862433862433862 0.9181547619047619 0.37797619047619047 0.919890873015873 0.35648148148148145 0.9203869047619048 0.31712962962962965 0.9156746031746031 0.30853174603174605 0.9126984126984127 0.30787037037037035 0.8893849206349206 0.2943121693121693 0.8420138888888888 0.29563492063492064 0.8072916666666666 0.2986111111111111 0.7941468253968254 0.3091931216931217 0.7651289682539683 0.32572751322751325 0.7373511904761905 0.3237433862433862 0.7110615079365079 0.32771164021164023 0.7058531746031746 0.335978835978836 0.7056051587301587
1 0.5281084656084656 0.7180059523809523 0.5505952380952381 0.7189980158730159 0.5641534391534392 0.7219742063492064 0.5625 0.7447916666666666 0.582010582010582 0.7750496031746031 0.5869708994708994 0.7896825396825397 0.5853174603174603 0.8635912698412699 0.5747354497354498 0.8968253968253969 0.5787037037037037 0.9360119047619048 0.5767195767195767 0.9389880952380952 0.5717592592592593 0.9404761904761905 0.5224867724867724 0.9375 0.5085978835978836 0.9347718253968254 0.5056216931216931 0.9317956349206349 0.5072751322751323 0.9030257936507936 0.501984126984127 0.8655753968253969 0.49272486772486773 0.8559027777777778 0.49007936507936506 0.8494543650793651 0.4914021164021164 0.7901785714285714 0.49834656084656087 0.7760416666666666 0.517526455026455 0.7549603174603174 0.5208333333333334 0.7430555555555556 0.5185185185185185 0.7229662698412699 0.521494708994709 0.7185019841269841 0.5277777777777778 0.7180059523809523
1 0.25132275132275134 0.6994047619047619 0.2767857142857143 0.703125 0.2751322751322751 0.7313988095238095 0.28273809523809523 0.7445436507936508 0.29298941798941797 0.7544642857142857 0.3002645502645503 0.7690972222222222 0.30092592592592593 0.7797619047619048 0.2953042328042328 0.792906746031746 0.2926587301587302 0.8420138888888888 0.30158730158730157 0.8727678571428571 0.3048941798941799 0.8965773809523809 0.30423280423280424 0.9114583333333334 0.29794973544973546 0.9149305555555556 0.3012566137566138 0.917906746031746 0.29828042328042326 0.935515873015873 0.29365079365079366 0.9377480158730159 0.2757936507936508 0.9357638888888888 0.2757936507936508 0.9389880952380952 0.2794312169312169 0.9404761904761905 0.28935185185185186 0.9427083333333334 0.29398148148148145 0.941468253968254 0.2943121693121693 0.9464285714285714 0.2906746031746032 0.9528769841269841 0.27215608465608465 0.9543650793650794 0.26686507936507936 0.9565972222222222 0.26091269841269843 0.9632936507936508 0.24933862433862433 0.9657738095238095 0.24074074074074073 0.9635416666666666 0.23875661375661375 0.9603174603174603 0.24239417989417988 0.9526289682539683 0.2099867724867725 0.9471726190476191 0.20337301587301587 0.9434523809523809 0.20436507936507936 0.9308035714285714 0.20105820105820105 0.9253472222222222 0.20105820105820105 0.9191468253968254 0.20238095238095238 0.9131944444444444 0.20634920634920634 0.9099702380952381 0.2691798941798942 0.9159226190476191 0.2857142857142857 0.9201388888888888 0.29662698412698413 0.9149305555555556 0.2810846560846561 0.9109623015873016 0.25165343915343913 0.910218253968254 0.23115079365079366 0.9067460317460317 0.21329365079365079 0.90625 0.20667989417989419 0.9012896825396826 0.21164021164021163 0.8745039682539683 0.2027116402116402 0.8390376984126984 0.2046957671957672 0.8182043650793651 0.20304232804232805 0.7787698412698413 0.21197089947089948 0.7624007936507936 0.22552910052910052 0.7470238095238095 0.23247354497354497 0.734375 0.2347883597883598 0.7249503968253969 0.2318121693121693 0.7170138888888888 0.2337962962962963 0.6996527777777778 0.2509920634920635 0.6994047619047619
1 0.24272486772486773 0.4097222222222222 0.25562169312169314 0.4114583333333333 0.2619047619047619 0.41517857142857145 0.25892857142857145 0.43179563492063494 0.2595899470899471 0.44990079365079366 0.2761243386243386 0.4905753968253968 0.2748015873015873 0.5337301587301587 0.27744708994708994 0.5615079365079365 0.27645502645502645 0.5639880952380952 0.265542328042328 0.5659722222222222 0.24107142857142858 0.564484126984127 0.23115079365079366 0.5677083333333334 0.25562169312169314 0.5729166666666666 0.27645502645502645 0.5736607142857143 0.2804232804232804 0.5791170634920635 0.27645502645502645 0.5850694444444444 0.27744708994708994 0.5885416666666666 0.25297619047619047 0.591765873015873 0.2757936507936508 0.5989583333333334 0.2757936507936508 0.6096230158730159 0.25826719576719576 0.6101190476190477 0.2533068783068783 0.6125992063492064 0.2576058201058201 0.6158234126984127 0.271494708994709 0.6187996031746031 0.27215608465608465 0.6254960317460317 0.2691798941798942 0.626984126984127 0.2523148148148148 0.6254960317460317 0.2404100529100529 0.6314484126984127 0.20304232804232805 0.6287202380952381 0.19874338624338625 0.6277281746031746 0.19510582010582012 0.6232638888888888 0.19576719576719576 0.6130952380952381 0.20304232804232805 0.609375 0.1960978835978836 0.6061507936507936 0.19477513227513227 0.5979662698412699 0.20337301587301587 0.5885416666666666 0.20105820105820105 0.5840773809523809 0.20337301587301587 0.564484126984127 0.1984126984126984 0.560515873015873 0.19246031746031747 0.5376984126984127 0.19146825396825398 0.5151289682539683 0.19246031746031747 0.48735119047619047 0.20502645502645503 0.4595734126984127 0.2123015873015873 0.44990079365079366 0.21693121693121692 0.4288194444444444 0.21626984126984128 0.4114583333333333 0.24239417989417988 0.4097222222222222
1 0.6028439153439153 0.4164186507936508 0.609457671957672 0.41716269841269843 0.6127645502645502 0.4201388888888889 0.6144179894179894 0.4322916666666667 0.6107804232804233 0.45014880952380953 0.6286375661375662 0.48412698412698413 0.6302910052910053 0.49330357142857145 0.6279761904761905 0.5587797619047619 0.6240079365079365 0.5815972222222222 0.6197089947089947 0.5860615079365079 0.6081349206349206 0.5806051587301587 0.5671296296296297 0.5808531746031746 0.5611772486772487 0.5776289682539683 0.5436507936507936 0.5753968253968254 0.5406746031746031 0.5719246031746031 0.5433201058201058 0.4913194444444444 0.5661375661375662 0.4506448412698413 0.5667989417989417 0.41889880952380953 0.5740740740740741 0.4166666666666667 0.6025132275132276 0.4164186507936508
1 0.4060846560846561 0.4131944444444444 0.42394179894179895 0.41443452380952384 0.4332010582010582 0.4184027777777778 0.4305555555555556 0.44518849206349204 0.43617724867724866 0.45287698412698413 0.4503968253968254 0.4878472222222222 0.44907407407407407 0.5446428571428571 0.44477513227513227 0.5706845238095238 0.4351851851851852 0.5724206349206349 0.39351851851851855 0.5711805555555556 0.4011243386243386 0.5756448412698413 0.4226190476190476 0.5783730158730159 0.4255952380952381 0.5838293650793651 0.42294973544973546 0.5962301587301587 0.41203703703703703 0.5987103174603174 0.4193121693121693 0.6011904761904762 0.4226190476190476 0.605406746031746 0.4209656084656085 0.6339285714285714 0.4183201058201058 0.6376488095238095 0.4054232804232804 0.6398809523809523 0.3726851851851852 0.6381448412698413 0.36574074074074076 0.6334325396825397 0.36607142857142855 0.6222718253968254 0.37103174603174605 0.6160714285714286 0.36904761904761907 0.6059027777777778 0.375 0.5949900793650794 0.37533068783068785 0.5788690476190477 0.3783068783068783 0.5711805555555556 0.37334656084656087 0.5677083333333334 0.3680555555555556 0.5401785714285714 0.36408730158730157 0.5362103174603174 0.3637566137566138 0.5238095238095238 0.36607142857142855 0.49032738095238093 0.38756613756613756 0.4429563492063492 0.3872354497354497 0.4174107142857143 0.39087301587301587 0.41393849206349204 0.40575396825396826 0.4131944444444444
1 0.43617724867724866 0.7115575396825397 0.45866402116402116 0.7130456349206349 0.4632936507936508 0.7160218253968254 0.4619708994708995 0.7442956349206349 0.48412698412698413 0.7829861111111112 0.4877645502645503 0.7973710317460317 0.48644179894179895 0.8489583333333334 0.4808201058201058 0.8608630952380952 0.4732142857142857 0.8665674603174603 0.46593915343915343 0.8970734126984127 0.4666005291005291 0.9114583333333334 0.47023809523809523 0.9149305555555556 0.4695767195767196 0.9255952380952381 0.4728835978835979 0.9285714285714286 0.4580026455026455 0.9300595238095238 0.4401455026455027 0.9275793650793651 0.4279100529100529 0.9300595238095238 0.4041005291005291 0.9216269841269841 0.39814814814814814 0.8658234126984127 0.390542328042328 0.8559027777777778 0.3898809523809524 0.8511904761904762 0.3912037037037037 0.8033234126984127 0.40046296296296297 0.7797619047619048 0.4212962962962963 0.7445436507936508 0.41798941798941797 0.7284226190476191 0.4193121693121693 0.7140376984126984 0.421957671957672 0.7113095238095238 0.43584656084656087 0.7115575396825397
2 0.07142857142857142 0.6870039682539683 0.09821428571428571 0.6892361111111112 0.10482804232804233 0.6924603174603174 0.10449735449735449 0.7100694444444444 0.12400793650793651 0.7403273809523809 0.11243386243386243 0.7678571428571429 0.11078042328042328 0.8142361111111112 0.11375661375661375 0.841765873015873 0.10681216931216932 0.8596230158730159 0.11408730158730158 0.8720238095238095 0.11474867724867725 0.8774801587301587 0.10912698412698413 0.8936011904761905 0.03935185185185185 0.8876488095238095 0.027777777777777776 0.8836805555555556 0.04034391534391534 0.8497023809523809 0.028439153439153438 0.824156746031746 0.03009259259259259 0.7584325396825397 0.0419973544973545 0.7358630952380952 0.06018518518518518 0.7132936507936508 0.059854497354497355 0.6892361111111112 0.06415343915343916 0.6870039682539683 0.0710978835978836 0.6870039682539683
2 0.296957671957672 0.03993055555555555 0.30886243386243384 0.043154761904761904 0.31746031746031744 0.0496031746031746 0.32076719576719576 0.07093253968253968 0.31746031746031744 0.08159722222222222 0.3326719576719577 0.10218253968253968 0.3435846560846561 0.12351190476190477 0.3445767195767196 0.2113095238095238 0.33895502645502645 0.2244543650793651 0.33101851851851855 0.234375 0.3326719576719577 0.25148809523809523 0.29828042328042326 0.2527281746031746 0.29034391534391535 0.25471230158730157 0.2619047619047619 0.2534722222222222 0.25727513227513227 0.24925595238095238 0.25066137566137564 0.234375 0.24371693121693122 0.2130456349206349 0.24173280423280424 0.19642857142857142 0.24107142857142858 0.13343253968253968 0.2443783068783069 0.11408730158730158 0.2708333333333333 0.078125 0.2718253968253968 0.07415674603174603 0.267526455026455 0.06746031746031746 0.2701719576719577 0.046875 0.2791005291005291 0.040674603174603176 0.29662698412698413 0.03993055555555555
2 0.1803968253968254 0.18431051587301586 0.12233796296296295 0.2941046626984127
2 0.4015046296296297 0.17581349206349206 0.11292328042328043 0.2906547619047619
2 0.5134887566137566 0.17275049603174603 0.10927248677248677 0.3034970238095238
2 0.1622751322751323 0.8248462301587302 0.07128306878306878 0.274342757936508