1 0.9586640211640212 0.4174107142857143 0.9907407407407407 0.4193948412698413 0.9957010582010583 0.421875 0.9957010582010583 0.4541170634920635 0.9920634920634921 0.4670138888888889 0.9940476190476191 0.4774305555555556 0.9996693121693122 0.4853670634920635 0.9996693121693122 0.7385912698412699 0.9950396825396826 0.7403273809523809 0.966931216931217 0.7398313492063492 0.9613095238095238 0.7410714285714286 0.9599867724867724 0.7437996031746031 0.9586640211640212 0.7410714285714286 0.9427910052910053 0.7388392857142857 0.917989417989418 0.7403273809523809 0.9140211640211641 0.7373511904761905 0.8912037037037037 0.7353670634920635 0.8716931216931217 0.7306547619047619 0.8716931216931217 0.7261904761904762 0.8799603174603174 0.7244543650793651 0.8806216931216931 0.7202380952380952 0.8766534391534392 0.7217261904761905 0.873015873015873 0.7204861111111112 0.8697089947089947 0.7229662698412699 0.8657407407407407 0.7140376984126984 0.8677248677248677 0.7063492063492064 0.8644179894179894 0.6996527777777778 0.8673941798941799 0.6785714285714286 0.8644179894179894 0.6733630952380952 0.8667328042328042 0.660218253968254 0.8640873015873016 0.6254960317460317 0.8707010582010583 0.5580357142857143 0.8690476190476191 0.5431547619047619 0.8779761904761905 0.5193452380952381 0.9057539682539683 0.49330357142857145 0.9117063492063492 0.47842261904761907 0.9186507936507936 0.4724702380952381 0.9229497354497355 0.4583333333333333 0.9212962962962963 0.43080357142857145 0.9242724867724867 0.421875 0.9365079365079365 0.4184027777777778 0.9583333333333334 0.4174107142857143
1 0.8353174603174603 0.16865079365079366 0.8568121693121693 0.171875 0.8548280423280423 0.19270833333333334 0.8488756613756614 0.19791666666666666 0.8293650793650794 0.19915674603174602 0.8230820105820106 0.20238095238095238 0.8234126984126984 0.2058531746031746 0.832010582010582 0.20560515873015872 0.857473544973545 0.21205357142857142 0.8627645502645502 0.22321428571428573 0.8630952380952381 0.2309027777777778 0.8578042328042328 0.23363095238095238 0.8382936507936508 0.2353670634920635 0.8330026455026455 0.2378472222222222 0.8379629629629629 0.24231150793650794 0.8558201058201058 0.24479166666666666 0.8538359788359788 0.24801587301587302 0.8568121693121693 0.25595238095238093 0.8515211640211641 0.26884920634920634 0.8290343915343915 0.2718253968253968 0.753968253968254 0.2708333333333333 0.7457010582010583 0.26612103174603174 0.7420634920634921 0.24851190476190477 0.7483465608465608 0.24627976190476192 0.7552910052910053 0.2378472222222222 0.7450396825396826 0.23313492063492064 0.7437169312169312 0.22891865079365079 0.7503306878306878 0.21676587301587302 0.7599206349206349 0.21006944444444445 0.7619047619047619 0.20535714285714285 0.7685185185185185 0.20858134920634921 0.8015873015873016 0.2078373015873016 0.810515873015873 0.2058531746031746 0.8141534391534392 0.20758928571428573 0.8154761904761905 0.20287698412698413 0.779431216931217 0.1996527777777778 0.7619047619047619 0.20163690476190477 0.7476851851851852 0.19618055555555555 0.7430555555555556 0.18551587301587302 0.7453703703703703 0.1753472222222222 0.748015873015873 0.17435515873015872 0.7549603174603174 0.17485119047619047 0.771494708994709 0.17063492063492064 0.7863756613756614 0.17113095238095238 0.7896825396825397 0.1691468253968254 0.8187830687830688 0.17113095238095238 0.8349867724867724 0.16865079365079366
1 0.9189814814814815 0 0.9599867724867724 0 0.9603174603174603 0.001736111111111111 0.9695767195767195 0.002976190476190476 0.9765211640211641 0.001736111111111111 0.9768518518518519 0 0.9957010582010583 0 0.9996693121693122 0.004464285714285714 0.9996693121693122 0.0339781746031746 0.9976851851851852 0.034722222222222224 0.9953703703703703 0.06324404761904762 0.9970238095238095 0.07118055555555555 0.9996693121693122 0.07242063492063493 0.9996693121693122 0.1545138888888889 0.9907407407407407 0.1572420634920635 0.8855820105820106 0.15699404761904762 0.878968253968254 0.1545138888888889 0.8786375661375662 0.1433531746031746 0.8819444444444444 0.12896825396825398 0.8862433862433863 0.05853174603174603 0.8892195767195767 0.051587301587301584 0.8974867724867724 0.04290674603174603 0.9034391534391535 0.024057539682539684 0.9189814814814815 0.000248015873015873
1 0.7979497354497355 0.41517857142857145 0.8247354497354498 0.41592261904761907 0.832010582010582 0.4174107142857143 0.8349867724867724 0.4211309523809524 0.833994708994709 0.4392361111111111 0.8283730158730159 0.45436507936507936 0.8293650793650794 0.46651785714285715 0.8336640211640212 0.47966269841269843 0.859457671957672 0.5225694444444444 0.8657407407407407 0.5652281746031746 0.8584656084656085 0.6498015873015873 0.8558201058201058 0.6592261904761905 0.8468915343915344 0.6723710317460317 0.8452380952380952 0.6822916666666666 0.8492063492063492 0.6862599206349206 0.8462301587301587 0.6897321428571429 0.8392857142857143 0.7296626984126984 0.771494708994709 0.7301587301587301 0.7582671957671958 0.7274305555555556 0.7516534391534392 0.730406746031746 0.7582671957671958 0.7356150793650794 0.7622354497354498 0.7333829365079365 0.7857142857142857 0.7371031746031746 0.7982804232804233 0.7366071428571429 0.8270502645502645 0.7398313492063492 0.8373015873015873 0.7445436507936508 0.8359788359788359 0.7648809523809523 0.8234126984126984 0.7690972222222222 0.8263888888888888 0.7728174603174603 0.8442460317460317 0.779265873015873 0.8422619047619048 0.7901785714285714 0.8366402116402116 0.7973710317460317 0.8247354497354498 0.8000992063492064 0.8326719576719577 0.8070436507936508 0.8247354497354498 0.8159722222222222 0.8141534391534392 0.8211805555555556 0.8009259259259259 0.8234126984126984 0.7890211640211641 0.8216765873015873 0.7754629629629629 0.8117559523809523 0.7685185185185185 0.8120039682539683 0.7542989417989417 0.8182043650793651 0.7466931216931217 0.8184523809523809 0.7265211640211641 0.8112599206349206 0.7179232804232805 0.8003472222222222 0.7265211640211641 0.7934027777777778 0.7166005291005291 0.7909226190476191 0.7109788359788359 0.7869543650793651 0.7063492063492064 0.7700892857142857 0.7202380952380952 0.765625 0.7278439153439153 0.7671130952380952 0.7311507936507936 0.7653769841269841 0.7314814814814815 0.7621527777777778 0.7060185185185185 0.7594246031746031 0.7023809523809523 0.7557043650793651 0.7046957671957672 0.7408234126984127 0.708994708994709 0.7341269841269841 0.7218915343915344 0.7321428571428571 0.7486772486772487 0.7331349206349206 0.7513227513227513 0.7311507936507936 0.7486772486772487 0.7271825396825397 0.7208994708994709 0.7256944444444444 0.7123015873015873 0.7209821428571429 0.7172619047619048 0.6917162698412699 0.7080026455026455 0.6381448412698413 0.7113095238095238 0.621031746031746 0.7142857142857143 0.5399305555555556 0.7166005291005291 0.5290178571428571 0.7341269841269841 0.503968253968254 0.7453703703703703 0.4930555555555556 0.7572751322751323 0.47445436507936506 0.7658730158730159 0.45089285714285715 0.7648809523809523 0.44320436507936506 0.7612433862433863 0.43898809523809523 0.7652116402116402 0.4184027777777778 0.7708333333333334 0.4156746031746032 0.7976190476190477 0.41517857142857145
1 0.6299603174603174 0 0.7109788359788359 0 0.7288359788359788 0.03249007936507937 0.7337962962962963 0.045882936507936505 0.734457671957672 0.05654761904761905 0.7308201058201058 0.12202380952380952 0.7275132275132276 0.15252976190476192 0.7245370370370371 0.15749007936507936 0.7175925925925926 0.15997023809523808 0.6931216931216931 0.1619543650793651 0.6398809523809523 0.16245039682539683 0.626984126984127 0.1597222222222222 0.6101190476190477 0.16294642857142858 0.59755291005291 0.16145833333333334 0.5949074074074074 0.15773809523809523 0.593584656084656 0.14012896825396826 0.5995370370370371 0.056299603174603176 0.6044973544973545 0.043154761904761904 0.6299603174603174 0.000248015873015873
2 0.3630952380952381 0.4052579365079365 0.3869047619047619 0.40674603174603174 0.3948412698412698 0.4114583333333333 0.3958333333333333 0.42584325396825395 0.39186507936507936 0.43874007936507936 0.392526455026455 0.44717261904761907 0.42294973544973546 0.49404761904761907 0.42857142857142855 0.5101686507936508 0.42328042328042326 0.6195436507936508 0.39914021164021163 0.6780753968253969 0.3998015873015873 0.6837797619047619 0.4113756613756614 0.7026289682539683 0.40773809523809523 0.7058531746031746 0.3072089947089947 0.7003968253968254 0.2933201058201058 0.699156746031746 0.289021164021164 0.6966765873015873 0.29398148148148145 0.6783234126984127 0.30886243386243384 0.6483134920634921 0.28869047619047616 0.6061507936507936 0.2933201058201058 0.5084325396825397 0.30257936507936506 0.4871031746031746 0.3187830687830688 0.46899801587301587 0.33366402116402116 0.4459325396825397 0.335978835978836 0.43526785714285715 0.33035714285714285 0.4263392857142857 0.3326719576719577 0.4079861111111111 0.3382936507936508 0.4055059523809524 0.3627645502645503 0.4052579365079365
2 0.5059523809523809 0.408234126984127 0.5291005291005291 0.4097222222222222 0.5360449735449735 0.4117063492063492 0.5386904761904762 0.4146825396825397 0.5376984126984127 0.4568452380952381 0.5651455026455027 0.5034722222222222 0.5684523809523809 0.5198412698412699 0.5618386243386243 0.6185515873015873 0.5578703703703703 0.6321924603174603 0.5353835978835979 0.6765873015873016 0.546957671957672 0.7132936507936508 0.5241402116402116 0.7130456349206349 0.5181878306878307 0.7165178571428571 0.5228174603174603 0.7197420634920635 0.5466269841269841 0.7224702380952381 0.5519179894179894 0.7264384920634921 0.5529100529100529 0.7457837301587301 0.5505952380952381 0.7495039682539683 0.5436507936507936 0.7512400793650794 0.5257936507936508 0.75 0.5248015873015873 0.7514880952380952 0.5462962962962963 0.7532242063492064 0.5515873015873016 0.7584325396825397 0.5509259259259259 0.7658730158730159 0.5466269841269841 0.7770337301587301 0.5224867724867724 0.7782738095238095 0.5062830687830688 0.7998511904761905 0.49437830687830686 0.8025793650793651 0.48048941798941797 0.8018353174603174 0.4662698412698413 0.7891865079365079 0.45965608465608465 0.7891865079365079 0.44742063492063494 0.7936507936507936 0.43253968253968256 0.792906746031746 0.4246031746031746 0.7857142857142857 0.42162698412698413 0.779265873015873 0.4236111111111111 0.7743055555555556 0.44312169312169314 0.7738095238095238 0.4652777777777778 0.777281746031746 0.4708994708994709 0.7757936507936508 0.4705687830687831 0.7725694444444444 0.4566798941798942 0.7703373015873016 0.4384920634920635 0.7710813492063492 0.4209656084656085 0.7678571428571429 0.41798941798941797 0.7646329365079365 0.416005291005291 0.7502480158730159 0.4183201058201058 0.7467757936507936 0.453042328042328 0.7470238095238095 0.4666005291005291 0.75 0.49007936507936506 0.7512400793650794 0.5046296296296297 0.7482638888888888 0.4877645502645503 0.7447916666666666 0.42162698412698413 0.7405753968253969 0.41798941798941797 0.7375992063492064 0.4169973544973545 0.7299107142857143 0.4226190476190476 0.7155257936507936 0.4933862433862434 0.7192460317460317 0.5056216931216931 0.7185019841269841 0.5089285714285714 0.7160218253968254 0.5085978835978836 0.7130456349206349 0.5013227513227513 0.7118055555555556 0.4332010582010582 0.7078373015873016 0.4252645502645503 0.707093253968254 0.42427248677248675 0.705109126984127 0.4444444444444444 0.660218253968254 0.4269179894179894 0.6160714285714286 0.4308862433862434 0.5290178571428571 0.43452380952380953 0.5069444444444444 0.45171957671957674 0.4801587301587302 0.4718915343915344 0.4583333333333333 0.47619047619047616 0.4506448412698413 0.47784391534391535 0.43799603174603174 0.4738756613756614 0.43278769841269843 0.4738756613756614 0.4263392857142857 0.476521164021164 0.4114583333333333 0.48412698412698413 0.4087301587301587 0.5056216931216931 0.408234126984127
3 0.26451719576719573 0.1403075396825397 0.13220899470899472 0.26573660714285713
3 0.39395171957671954 0.13900049603174605 0.1331415343915344 0.2780009920634921
3 0.5338161375661375 0.14307043650793652 0.1350925925925926 0.27621775793650793
2 0.6436276455026455 0.610734126984127 0.1298478835978836 0.39805555555555555
2 0.09285714285714286 0.5979414682539683 0.14603174603174604 0.3972718253968254
2 0.23182870370370368 0.5792906746031745 0.13958664021164022 0.35997271825396826