1 0.9966931216931217 0.12822420634920634 0.9996693121693122 0.12872023809523808 0.9996693121693122 0.3005952380952381 0.9593253968253969 0.3038194444444444 0.9629629629629629 0.30853174603174605 0.9923941798941799 0.3090277777777778 0.9996693121693122 0.3107638888888889 0.9996693121693122 0.3253968253968254 0.9947089947089947 0.3315972222222222 0.9996693121693122 0.3335813492063492 0.9996693121693122 0.3767361111111111 0.9930555555555556 0.3787202380952381 0.9437830687830688 0.3784722222222222 0.9275793650793651 0.373015873015873 0.9312169312169312 0.3618551587301587 0.9672619047619048 0.35540674603174605 0.9636243386243386 0.35342261904761907 0.9424603174603174 0.35168650793650796 0.9368386243386243 0.3489583333333333 0.9368386243386243 0.3410218253968254 0.9464285714285714 0.33134920634920634 0.9384920634920635 0.3263888888888889 0.9282407407407407 0.3246527777777778 0.9282407407407407 0.31398809523809523 0.9315476190476191 0.3107638888888889 0.9391534391534392 0.3115079365079365 0.9454365079365079 0.3097718253968254 0.9556878306878307 0.3038194444444444 0.9285714285714286 0.30009920634920634 0.9242724867724867 0.29662698412698413 0.923941798941799 0.28596230158730157 0.9282407407407407 0.2095734126984127 0.9411375661375662 0.1922123015873016 0.9517195767195767 0.171875 0.9494047619047619 0.1572420634920635 0.9527116402116402 0.1371527777777778 0.9662698412698413 0.12996031746031747 0.9963624338624338 0.12822420634920634
1 0.6921296296296297 0.12549603174603174 0.6997354497354498 0.12996031746031747 0.701058201058201 0.13343253968253968 0.7017195767195767 0.15426587301587302 0.6980820105820106 0.16517857142857142 0.7043650793650794 0.1800595238095238 0.71494708994709 0.1956845238095238 0.7212301587301587 0.21800595238095238 0.7212301587301587 0.2586805555555556 0.7159391534391535 0.29365079365079366 0.7136243386243386 0.2976190476190476 0.7037037037037037 0.29910714285714285 0.6531084656084656 0.2978670634920635 0.6474867724867724 0.2993551587301587 0.625 0.29836309523809523 0.6180555555555556 0.2961309523809524 0.623015873015873 0.21378968253968253 0.6491402116402116 0.16865079365079366 0.6471560846560847 0.15376984126984128 0.6501322751322751 0.1314484126984127 0.6577380952380952 0.12698412698412698 0.6669973544973545 0.12475198412698413 0.6917989417989417 0.12549603174603174
1 0.8766534391534392 0.4694940476190476 0.9007936507936508 0.47172619047619047 0.9037698412698413 0.4742063492063492 0.9054232804232805 0.48660714285714285 0.90244708994709 0.498015873015873 0.9034391534391535 0.5081845238095238 0.9295634920634921 0.5674603174603174 0.9282407407407407 0.6267361111111112 0.9222883597883598 0.6473214285714286 0.9103835978835979 0.671875 0.9083994708994709 0.6932043650793651 0.904431216931217 0.6971726190476191 0.894510582010582 0.6994047619047619 0.9090608465608465 0.7053571428571429 0.9123677248677249 0.7100694444444444 0.9126984126984127 0.7202380952380952 0.9067460317460317 0.7237103174603174 0.9120370370370371 0.7321428571428571 0.9120370370370371 0.7413194444444444 0.9074074074074074 0.7447916666666666 0.9133597883597884 0.7514880952380952 0.9083994708994709 0.7624007936507936 0.8958333333333334 0.7666170634920635 0.8822751322751323 0.7663690476190477 0.8654100529100529 0.7619047619047619 0.8558201058201058 0.7641369047619048 0.8445767195767195 0.7638888888888888 0.8316798941798942 0.7604166666666666 0.8224206349206349 0.7517361111111112 0.828042328042328 0.7472718253968254 0.841931216931217 0.7447916666666666 0.8296957671957672 0.7413194444444444 0.830026455026455 0.734375 0.8270502645502645 0.7306547619047619 0.83994708994709 0.7239583333333334 0.8349867724867724 0.7177579365079365 0.8366402116402116 0.7043650793650794 0.8515211640211641 0.6994047619047619 0.8389550264550265 0.6954365079365079 0.8207671957671958 0.6941964285714286 0.8174603174603174 0.6924603174603174 0.8204365079365079 0.6889880952380952 0.8224206349206349 0.6755952380952381 0.8207671957671958 0.6684027777777778 0.8290343915343915 0.658234126984127 0.8247354497354498 0.6507936507936508 0.8184523809523809 0.6463293650793651 0.8167989417989417 0.6403769841269841 0.8207671957671958 0.6302083333333334 0.8217592592592593 0.5716765873015873 0.8263888888888888 0.5572916666666666 0.8316798941798942 0.5510912698412699 0.8316798941798942 0.5431547619047619 0.8432539682539683 0.5275297619047619 0.853505291005291 0.5064484126984127 0.8531746031746031 0.4833829365079365 0.855489417989418 0.4739583333333333 0.8591269841269841 0.4714781746031746 0.8763227513227513 0.4697420634920635
1 0.9880952380952381 0.47023809523809523 0.9996693121693122 0.4712301587301587 0.9996693121693122 0.5357142857142857 0.9953703703703703 0.5426587301587301 0.9973544973544973 0.5518353174603174 0.9996693121693122 0.5530753968253969 0.9996693121693122 0.6964285714285714 0.9871031746031746 0.6994047619047619 0.9874338624338624 0.7199900793650794 0.9748677248677249 0.7269345238095238 0.9847883597883598 0.7296626984126984 0.9867724867724867 0.7331349206349206 0.9847883597883598 0.7447916666666666 0.9874338624338624 0.7532242063492064 0.9867724867724867 0.7626488095238095 0.9854497354497355 0.7661210317460317 0.9811507936507936 0.7681051587301587 0.9662698412698413 0.7658730158730159 0.953042328042328 0.7557043650793651 0.933531746031746 0.7549603174603174 0.9325396825396826 0.7517361111111112 0.9351851851851852 0.7507440476190477 0.9384920634920635 0.751984126984127 0.9391534391534392 0.7549603174603174 0.9424603174603174 0.7507440476190477 0.9494047619047619 0.7509920634920635 0.9573412698412699 0.7482638888888888 0.9460978835978836 0.7447916666666666 0.9447751322751323 0.7425595238095238 0.9484126984126984 0.7274305555555556 0.9470899470899471 0.7063492063492064 0.9652777777777778 0.7028769841269841 0.9639550264550265 0.6994047619047619 0.9358465608465608 0.6939484126984127 0.9302248677248677 0.6959325396825397 0.9279100529100529 0.6924603174603174 0.9391534391534392 0.6827876984126984 0.9345238095238095 0.6783234126984127 0.9341931216931217 0.6716269841269841 0.9378306878306878 0.6646825396825397 0.9345238095238095 0.6612103174603174 0.9305555555555556 0.6478174603174603 0.9298941798941799 0.6359126984126984 0.9325396825396826 0.5768849206349206 0.939484126984127 0.5505952380952381 0.939484126984127 0.5399305555555556 0.9646164021164021 0.5049603174603174 0.9619708994708994 0.4816468253968254 0.9639550264550265 0.4732142857142857 0.9699074074074074 0.470734126984127 0.9877645502645502 0.47023809523809523
1 0.7668650793650794 0.4680059523809524 0.7867063492063492 0.46899801587301587 0.7943121693121693 0.4739583333333333 0.7953042328042328 0.48462301587301587 0.791005291005291 0.4972718253968254 0.7923280423280423 0.5086805555555556 0.798941798941799 0.5238095238095238 0.8108465608465608 0.5416666666666666 0.8191137566137566 0.5711805555555556 0.8174603174603174 0.6237599206349206 0.8068783068783069 0.6577380952380952 0.8052248677248677 0.6832837301587301 0.8022486772486772 0.6922123015873016 0.7873677248677249 0.6974206349206349 0.769510582010582 0.6949404761904762 0.7384259259259259 0.6959325396825397 0.7387566137566137 0.6994047619047619 0.7430555555555556 0.7006448412698413 0.7926587301587301 0.7003968253968254 0.8005952380952381 0.703125 0.8019179894179894 0.7197420634920635 0.7896825396825397 0.7239583333333334 0.8039021164021164 0.7291666666666666 0.8052248677248677 0.7348710317460317 0.8029100529100529 0.7403273809523809 0.7956349206349206 0.7445436507936508 0.8015873015873016 0.748015873015873 0.8019179894179894 0.751984126984127 0.792989417989418 0.7606646825396826 0.781084656084656 0.7631448412698413 0.7622354497354498 0.7591765873015873 0.7447089947089947 0.7619047619047619 0.7298280423280423 0.7591765873015873 0.7199074074074074 0.751984126984127 0.7195767195767195 0.748015873015873 0.7235449735449735 0.7452876984126984 0.7311507936507936 0.7445436507936508 0.7136243386243386 0.7403273809523809 0.7099867724867724 0.7326388888888888 0.7123015873015873 0.7271825396825397 0.7271825396825397 0.7249503968253969 0.7288359788359788 0.7212301587301587 0.7275132275132276 0.7189980158730159 0.720568783068783 0.71875 0.7175925925925926 0.716765873015873 0.7179232804232805 0.7110615079365079 0.7126322751322751 0.7063492063492064 0.7166005291005291 0.703125 0.7308201058201058 0.7013888888888888 0.7337962962962963 0.6961805555555556 0.7311507936507936 0.6944444444444444 0.7129629629629629 0.6946924603174603 0.7096560846560847 0.691468253968254 0.7119708994708994 0.658234126984127 0.7080026455026455 0.6359126984126984 0.7116402116402116 0.6235119047619048 0.7129629629629629 0.5473710317460317 0.720568783068783 0.5411706349206349 0.7414021164021164 0.5153769841269841 0.7450396825396826 0.49950396825396826 0.7437169312169312 0.47966269841269843 0.746031746031746 0.4724702380952381 0.7516534391534392 0.46899801587301587 0.7665343915343915 0.4680059523809524
1 0.8915343915343915 0.12450396825396826 0.9017857142857143 0.12624007936507936 0.9067460317460317 0.1307043650793651 0.9077380952380952 0.1440972222222222 0.9027777777777778 0.16592261904761904 0.9259259259259259 0.21800595238095238 0.9226190476190477 0.27728174603174605 0.9183201058201058 0.2951388888888889 0.9146825396825397 0.29910714285714285 0.9050925925925926 0.30158730158730157 0.878968253968254 0.30084325396825395 0.8531746031746031 0.3038194444444444 0.8716931216931217 0.3082837301587302 0.9047619047619048 0.30927579365079366 0.91005291005291 0.31274801587301587 0.9093915343915344 0.3246527777777778 0.9041005291005291 0.328125 0.904431216931217 0.3308531746031746 0.9163359788359788 0.33804563492063494 0.9186507936507936 0.3462301587301587 0.9183201058201058 0.34871031746031744 0.9074074074074074 0.3556547619047619 0.9113756613756614 0.357390873015873 0.9143518518518519 0.36235119047619047 0.9133597883597884 0.37648809523809523 0.9014550264550265 0.37797619047619047 0.8449074074074074 0.37723214285714285 0.8363095238095238 0.37648809523809523 0.8316798941798942 0.3732638888888889 0.830026455026455 0.3658234126984127 0.8336640211640212 0.359375 0.8416005291005291 0.35615079365079366 0.8680555555555556 0.3556547619047619 0.8660714285714286 0.35367063492063494 0.8382936507936508 0.35342261904761907 0.8359788359788359 0.35119047619047616 0.833994708994709 0.34151785714285715 0.8449074074074074 0.3308531746031746 0.8366402116402116 0.3246527777777778 0.8379629629629629 0.32043650793650796 0.8293650793650794 0.31398809523809523 0.8296957671957672 0.3107638888888889 0.8379629629629629 0.31026785714285715 0.8449074074074074 0.3070436507936508 0.845568783068783 0.30431547619047616 0.8488756613756614 0.30580357142857145 0.8521825396825397 0.3038194444444444 0.8452380952380952 0.3033234126984127 0.8379629629629629 0.298859126984127 0.8244047619047619 0.29836309523809523 0.8217592592592593 0.2943948412698413 0.8263888888888888 0.21502976190476192 0.8429232804232805 0.18998015873015872 0.8531746031746031 0.1684027777777778 0.8508597883597884 0.15848214285714285 0.8518518518518519 0.13640873015873015 0.8561507936507936 0.13120039682539683 0.8680555555555556 0.1267361111111111 0.8912037037037037 0.12450396825396826
1 0.7867063492063492 0.12375992063492064 0.7992724867724867 0.12624007936507936 0.8035714285714286 0.1314484126984127 0.8039021164021164 0.15079365079365079 0.7992724867724867 0.16418650793650794 0.8048941798941799 0.1800595238095238 0.8214285714285714 0.2065972222222222 0.8234126984126984 0.2269345238095238 0.8187830687830688 0.29017857142857145 0.816468253968254 0.29662698412698413 0.8095238095238095 0.29985119047619047 0.8072089947089947 0.3033234126984127 0.8121693121693122 0.3246527777777778 0.8025793650793651 0.33110119047619047 0.810515873015873 0.3365575396825397 0.8121693121693122 0.3454861111111111 0.8098544973544973 0.3492063492063492 0.7976190476190477 0.3521825396825397 0.7962962962962963 0.3549107142857143 0.796957671957672 0.35615079365079366 0.7999338624338624 0.35466269841269843 0.8078703703703703 0.359375 0.8082010582010583 0.373015873015873 0.8009259259259259 0.3767361111111111 0.7807539682539683 0.37723214285714285 0.7437169312169312 0.37648809523809523 0.734457671957672 0.3732638888888889 0.7195767195767195 0.373015873015873 0.7308201058201058 0.36408730158730157 0.7341269841269841 0.3663194444444444 0.7357804232804233 0.36334325396825395 0.736441798941799 0.3551587301587302 0.7298280423280423 0.34226190476190477 0.7311507936507936 0.3365575396825397 0.7341269841269841 0.3345734126984127 0.7410714285714286 0.33482142857142855 0.746031746031746 0.33134920634920634 0.7427248677248677 0.32762896825396826 0.7251984126984127 0.3244047619047619 0.72255291005291 0.31994047619047616 0.7222222222222222 0.310515873015873 0.7268518518518519 0.3072916666666667 0.7440476190476191 0.3062996031746032 0.7473544973544973 0.3003472222222222 0.7228835978835979 0.2978670634920635 0.720568783068783 0.29365079365079366 0.720568783068783 0.2822420634920635 0.7232142857142857 0.27033730158730157 0.7235449735449735 0.22247023809523808 0.7298280423280423 0.20610119047619047 0.7430555555555556 0.1875 0.7506613756613757 0.16989087301587302 0.7513227513227513 0.1609623015873016 0.7476851851851852 0.15376984126984128 0.7509920634920635 0.13343253968253968 0.7615740740740741 0.12624007936507936 0.7863756613756614 0.12375992063492064
2 0.06514550264550265 0.1195436507936508 0.08664021164021164 0.12251984126984126 0.09854497354497355 0.12921626984126985 0.10119047619047619 0.14831349206349206 0.09788359788359788 0.16046626984126985 0.12301587301587301 0.18725198412698413 0.12235449735449735 0.1996527777777778 0.11441798941798942 0.2279265873015873 0.12731481481481483 0.2611607142857143 0.12896825396825398 0.31820436507936506 0.12202380952380952 0.3244047619047619 0.12764550264550265 0.32787698412698413 0.1283068783068783 0.341765873015873 0.12632275132275134 0.34499007936507936 0.10218253968253968 0.3447420634920635 0.0992063492063492 0.3489583333333333 0.12334656084656084 0.34970238095238093 0.12797619047619047 0.35143849206349204 0.12863756613756613 0.3663194444444444 0.12433862433862433 0.3697916666666667 0.036375661375661374 0.3685515873015873 0.030753968253968252 0.36681547619047616 0.028108465608465607 0.36259920634920634 0.028439153439153438 0.35193452380952384 0.031084656084656083 0.3501984126984127 0.07671957671957672 0.3454861111111111 0.05853174603174603 0.34250992063492064 0.03968253968253968 0.3427579365079365 0.02546296296296296 0.3385416666666667 0.030753968253968252 0.3315972222222222 0.0291005291005291 0.328125 0.03968253968253968 0.32415674603174605 0.03802910052910053 0.32068452380952384 0.028769841269841268 0.31746031746031744 0.03042328042328042 0.2934027777777778 0.027116402116402115 0.2899305555555556 0.0248015873015873 0.28000992063492064 0.02513227513227513 0.2517361111111111 0.03736772486772487 0.22470238095238096 0.03670634920634921 0.2140376984126984 0.02513227513227513 0.18824404761904762 0.0248015873015873 0.17956349206349206 0.0291005291005291 0.1701388888888889 0.047619047619047616 0.15600198412698413 0.04332010582010582 0.140625 0.04497354497354497 0.1232638888888889 0.052248677248677246 0.11979166666666667 0.06481481481481481 0.1195436507936508
2 0.17294973544973544 0.12177579365079365 0.18518518518518517 0.1232638888888889 0.2013888888888889 0.12996031746031747 0.2046957671957672 0.1416170634920635 0.2046957671957672 0.15426587301587302 0.2013888888888889 0.1619543650793651 0.2175925925925926 0.17881944444444445 0.22486772486772486 0.1922123015873016 0.21626984126984128 0.22916666666666666 0.21924603174603174 0.24131944444444445 0.22916666666666666 0.2601686507936508 0.23082010582010581 0.27976190476190477 0.22883597883597884 0.2934027777777778 0.20634920634920634 0.2961309523809524 0.16832010582010581 0.29464285714285715 0.15476190476190477 0.29662698412698413 0.17162698412698413 0.3010912698412698 0.2037037037037037 0.29811507936507936 0.21031746031746032 0.3003472222222222 0.207010582010582 0.3244047619047619 0.20833333333333334 0.3444940476190476 0.20634920634920634 0.34697420634920634 0.19246031746031747 0.3464781746031746 0.18617724867724866 0.34871031746031744 0.207010582010582 0.3509424603174603 0.20932539682539683 0.36607142857142855 0.20667989417989419 0.37103174603174605 0.13657407407407407 0.36929563492063494 0.13194444444444445 0.3630952380952381 0.13128306878306878 0.35193452380952384 0.1335978835978836 0.3492063492063492 0.1550925925925926 0.34871031746031744 0.1335978835978836 0.34846230158730157 0.1302910052910053 0.3420138888888889 0.13161375661375663 0.32787698412698413 0.13822751322751323 0.3244047619047619 0.13260582010582012 0.31746031746031744 0.13326719576719576 0.3013392857142857 0.1498015873015873 0.29662698412698413 0.13326719576719576 0.29365079365079366 0.12896825396825398 0.2787698412698413 0.12896825396825398 0.25496031746031744 0.13921957671957672 0.23759920634920634 0.14186507936507936 0.22544642857142858 0.1302910052910053 0.18973214285714285 0.12996031746031747 0.1817956349206349 0.13657407407407407 0.17113095238095238 0.15211640211640212 0.15848214285714285 0.1488095238095238 0.14360119047619047 0.15046296296296297 0.12624007936507936 0.15806878306878308 0.12251984126984126 0.17261904761904762 0.12177579365079365
2 0.44642857142857145 0.4623015873015873 0.4662698412698413 0.4650297619047619 0.4689153439153439 0.46750992063492064 0.4708994708994709 0.4756944444444444 0.46825396825396826 0.4930555555555556 0.4695767195767196 0.49975198412698413 0.4914021164021164 0.5275297619047619 0.49636243386243384 0.5461309523809523 0.4957010582010582 0.6197916666666666 0.48974867724867727 0.6411210317460317 0.4751984126984127 0.6753472222222222 0.4834656084656085 0.689484126984127 0.48115079365079366 0.6919642857142857 0.46130952380952384 0.6922123015873016 0.4566798941798942 0.6951884920634921 0.4540343915343915 0.6919642857142857 0.4246031746031746 0.6904761904761905 0.392526455026455 0.6922123015873016 0.39021164021164023 0.6907242063492064 0.4064153439153439 0.6478174603174603 0.3915343915343915 0.6197916666666666 0.392526455026455 0.544890873015873 0.39914021164021163 0.5290178571428571 0.42328042328042326 0.49677579365079366 0.42427248677248675 0.4895833333333333 0.4209656084656085 0.4818948412698413 0.42328042328042326 0.4670138888888889 0.43187830687830686 0.46279761904761907 0.4460978835978836 0.4623015873015873
3 0.471875 0.25512896825396825 0.0994345238095238 0.26414930555555555
3 0.37096891534391535 0.2515327380952381 0.10224867724867724 0.25004464285714284
3 0.569047619047619 0.2507093253968254 0.09467923280423281 0.2677579365079365
2 0.27624669312169314 0.24830605158730157 0.08608796296296296 0.2505084325396825
2 0.5494014550264551 0.6085863095238095 0.10393187830687832 0.3075570436507936
2 0.653885582010582 0.611123511904762 0.10264550264550264 0.30493799603174604
2 0.3328670634920635 0.6048586309523809 0.10675925925925925 0.29433531746031744
2 0.21733796296296298 0.6069394841269841 0.11929232804232805 0.29656994047619045
2 0.10406746031746031 0.6047371031746033 0.1081382275132275 0.2998611111111111