1 0.6408730158730159 0 0.7040343915343915 0 0.7043650793650794 0.011160714285714286 0.6994047619047619 0.018105158730158732 0.6994047619047619 0.022569444444444444 0.7053571428571429 0.040674603174603176 0.7208994708994709 0.06944444444444445 0.7248677248677249 0.08680555555555555 0.7202380952380952 0.15823412698412698 0.7113095238095238 0.18055555555555555 0.683531746031746 0.1817956349206349 0.6577380952380952 0.1800595238095238 0.644510582010582 0.1765873015873016 0.609457671957672 0.17708333333333334 0.5998677248677249 0.1746031746031746 0.5978835978835979 0.16046626984126985 0.6058201058201058 0.08159722222222222 0.6107804232804233 0.06721230158730158 0.626984126984127 0.04861111111111111 0.6395502645502645 0.025049603174603176 0.6412037037037037 0.018849206349206348 0.6372354497354498 0.008680555555555556 0.6408730158730159 0.000248015873015873
1 0.888558201058201 0.4097222222222222 0.9126984126984127 0.41121031746031744 0.9189814814814815 0.41418650793650796 0.919973544973545 0.4253472222222222 0.9150132275132276 0.4444444444444444 0.9163359788359788 0.46130952380952384 0.9371693121693122 0.49776785714285715 0.9437830687830688 0.5208333333333334 0.9451058201058201 0.5369543650793651 0.9401455026455027 0.5962301587301587 0.9282407407407407 0.6262400793650794 0.9259259259259259 0.6391369047619048 0.9212962962962963 0.6453373015873016 0.9140211640211641 0.6753472222222222 0.9110449735449735 0.6780753968253969 0.8974867724867724 0.6812996031746031 0.8796296296296297 0.6785714285714286 0.871031746031746 0.6805555555555556 0.855489417989418 0.6793154761904762 0.8501984126984127 0.6820436507936508 0.8822751322751323 0.6845238095238095 0.8974867724867724 0.6830357142857143 0.9133597883597884 0.6877480158730159 0.9173280423280423 0.7023809523809523 0.9133597883597884 0.7100694444444444 0.9169973544973545 0.7189980158730159 0.9169973544973545 0.7318948412698413 0.9136904761904762 0.7378472222222222 0.9173280423280423 0.7428075396825397 0.9173280423280423 0.7482638888888888 0.908068783068783 0.7599206349206349 0.8878968253968254 0.7621527777777778 0.8634259259259259 0.7549603174603174 0.8528439153439153 0.7596726190476191 0.8416005291005291 0.7596726190476191 0.8244047619047619 0.7554563492063492 0.8184523809523809 0.7514880952380952 0.8148148148148148 0.7423115079365079 0.826058201058201 0.7341269841269841 0.8244047619047619 0.7291666666666666 0.8210978835978836 0.7326388888888888 0.8148148148148148 0.7309027777777778 0.8141534391534392 0.7170138888888888 0.8220899470899471 0.7165178571428571 0.8244047619047619 0.722718253968254 0.8310185185185185 0.7098214285714286 0.8277116402116402 0.7078373015873016 0.8134920634920635 0.7063492063492064 0.8108465608465608 0.7003968253968254 0.8072089947089947 0.6996527777777778 0.8068783068783069 0.6959325396825397 0.8108465608465608 0.6927083333333334 0.8052248677248677 0.6889880952380952 0.8138227513227513 0.6872519841269841 0.8283730158730159 0.6884920634920635 0.8326719576719577 0.6845238095238095 0.8462301587301587 0.6820436507936508 0.841931216931217 0.6817956349206349 0.8349867724867724 0.6765873015873016 0.8247354497354498 0.6733630952380952 0.8072089947089947 0.6750992063492064 0.8002645502645502 0.6681547619047619 0.8072089947089947 0.6609623015873016 0.8111772486772487 0.6622023809523809 0.8134920634920635 0.654265873015873 0.810515873015873 0.6443452380952381 0.8148148148148148 0.6297123015873016 0.8108465608465608 0.6245039682539683 0.8101851851851852 0.6160714285714286 0.8161375661375662 0.6051587301587301 0.8134920634920635 0.5987103174603174 0.816468253968254 0.595734126984127 0.8158068783068783 0.580109126984127 0.8194444444444444 0.5538194444444444 0.8197751322751323 0.5074404761904762 0.8323412698412699 0.4962797619047619 0.8356481481481481 0.48759920634920634 0.8564814814814815 0.4568452380952381 0.8604497354497355 0.44320436507936506 0.8591269841269841 0.42857142857142855 0.8621031746031746 0.41393849206349204 0.8687169312169312 0.4107142857142857 0.8882275132275133 0.4097222222222222
1 0.9973544973544973 0.41393849206349204 0.9996693121693122 0.41418650793650796 0.9996693121693122 0.6790674603174603 0.9831349206349206 0.6820436507936508 0.9904100529100529 0.6860119047619048 0.9996693121693122 0.6875 0.9996693121693122 0.7078373015873016 0.9947089947089947 0.7100694444444444 0.9890873015873016 0.7098214285714286 0.9861111111111112 0.7132936507936508 0.9996693121693122 0.716765873015873 0.9996693121693122 0.7626488095238095 0.9947089947089947 0.763640873015873 0.9841269841269841 0.7624007936507936 0.9563492063492064 0.7524801587301587 0.9328703703703703 0.7482638888888888 0.9275793650793651 0.7447916666666666 0.9262566137566137 0.7413194444444444 0.9285714285714286 0.7395833333333334 0.9457671957671958 0.7375992063492064 0.9216269841269841 0.7311507936507936 0.9222883597883598 0.7170138888888888 0.953042328042328 0.7160218253968254 0.9556878306878307 0.7098214285714286 0.9527116402116402 0.7075892857142857 0.9255952380952381 0.7068452380952381 0.9206349206349206 0.6889880952380952 0.9348544973544973 0.6857638888888888 0.9391534391534392 0.6872519841269841 0.9599867724867724 0.6865079365079365 0.96494708994709 0.6817956349206349 0.9603174603174603 0.6780753968253969 0.9242724867724867 0.6768353174603174 0.9196428571428571 0.6746031746031746 0.9189814814814815 0.6681547619047619 0.9381613756613757 0.6145833333333334 0.941468253968254 0.5984623015873016 0.9484126984126984 0.5052083333333334 0.9533730158730159 0.5014880952380952 0.9537037037037037 0.49503968253968256 0.957010582010582 0.4945436507936508 0.9560185185185185 0.4913194444444444 0.9613095238095238 0.4895833333333333 0.9632936507936508 0.4809027777777778 0.9715608465608465 0.47172619047619047 0.9798280423280423 0.45634920634920634 0.9821428571428571 0.4392361111111111 0.9781746031746031 0.4332837301587302 0.9794973544973545 0.421875 0.984457671957672 0.41517857142857145 0.9970238095238095 0.41393849206349204
1 0.765542328042328 0.40476190476190477 0.7860449735449735 0.40674603174603174 0.7926587301587301 0.4114583333333333 0.7886904761904762 0.453125 0.8009259259259259 0.48214285714285715 0.8108465608465608 0.49677579365079366 0.8177910052910053 0.5307539682539683 0.8125 0.5907738095238095 0.8045634920634921 0.6024305555555556 0.7900132275132276 0.6408730158730159 0.7863756613756614 0.6540178571428571 0.7883597883597884 0.6716269841269841 0.7827380952380952 0.6765873015873016 0.7698412698412699 0.6783234126984127 0.7202380952380952 0.6765873015873016 0.7142857142857143 0.6743551587301587 0.6888227513227513 0.6746031746031746 0.6792328042328042 0.671875 0.6802248677248677 0.6671626984126984 0.6752645502645502 0.6669146825396826 0.6746031746031746 0.6651785714285714 0.6752645502645502 0.6622023809523809 0.6789021164021164 0.6631944444444444 0.6822089947089947 0.6614583333333334 0.6752645502645502 0.6597222222222222 0.6759259259259259 0.6473214285714286 0.6785714285714286 0.6433531746031746 0.6822089947089947 0.6443452380952381 0.6858465608465608 0.640625 0.6828703703703703 0.6123511904761905 0.6898148148148148 0.5885416666666666 0.6947751322751323 0.4982638888888889 0.7245370370370371 0.4623015873015873 0.7314814814814815 0.4496527777777778 0.734457671957672 0.4392361111111111 0.7337962962962963 0.4181547619047619 0.7371031746031746 0.40848214285714285 0.7447089947089947 0.4045138888888889 0.7652116402116402 0.40476190476190477
1 0.9877645502645502 0.20907738095238096 0.9943783068783069 0.20932539682539683 0.9963624338624338 0.20262896825396826 0.9599867724867724 0.19816468253968253 0.9563492063492064 0.19072420634920634 0.9599867724867724 0.171875 0.9646164021164021 0.09300595238095238 0.9751984126984127 0.08134920634920635 0.9867724867724867 0.057787698412698416 0.9874338624338624 0.05357142857142857 0.9831349206349206 0.04712301587301587 0.9854497354497355 0.025793650793650792 0.9907407407407407 0.015128968253968254 0.998015873015873 0.010416666666666666 0.9996693121693122 0.2361111111111111 0.9834656084656085 0.2371031746031746 0.9642857142857143 0.2286706349206349 0.9636243386243386 0.21676587301587302 0.9606481481481481 0.21354166666666666 0.970568783068783 0.21006944444444445 0.9874338624338624 0.20907738095238096
1 0.7595899470899471 0 0.8247354497354498 0 0.8250661375661376 0.016121031746031748 0.8197751322751323 0.025793650793650792 0.8201058201058201 0.03273809523809524 0.826058201058201 0.04836309523809524 0.8416005291005291 0.07068452380952381 0.8452380952380952 0.08110119047619048 0.8406084656084656 0.16170634920634921 0.8349867724867724 0.18700396825396826 0.8151455026455027 0.1892361111111111 0.771494708994709 0.1875 0.7337962962962963 0.18353174603174602 0.7199074074074074 0.17906746031746032 0.7238756613756614 0.15873015873015872 0.7228835978835979 0.14756944444444445 0.7281746031746031 0.08903769841269842 0.7503306878306878 0.05505952380952381 0.7609126984126984 0.03422619047619048 0.7615740740740741 0.029017857142857144 0.7572751322751323 0.022569444444444444 0.7595899470899471 0.000248015873015873
1 0.8799603174603174 0 0.9424603174603174 0 0.9437830687830688 0.026041666666666668 0.9384920634920635 0.03249007936507937 0.9375 0.03993055555555555 0.9477513227513228 0.06349206349206349 0.9566798941798942 0.07589285714285714 0.9632936507936508 0.10367063492063493 0.958994708994709 0.13541666666666666 0.9576719576719577 0.17559523809523808 0.9490740740740741 0.1974206349206349 0.9384920634920635 0.19866071428571427 0.8733465608465608 0.19444444444444445 0.8452380952380952 0.18948412698412698 0.841931216931217 0.1857638888888889 0.8482142857142857 0.09375 0.8525132275132276 0.0835813492063492 0.8683862433862434 0.06547619047619048 0.8779761904761905 0.04538690476190476 0.875 0.0248015873015873 0.8799603174603174 0.000248015873015873
2 0.375 0.38839285714285715 0.3948412698412698 0.39012896825396826 0.40046296296296297 0.39384920634920634 0.4021164021164021 0.4117063492063492 0.3974867724867725 0.42162698412698413 0.39914021164021163 0.4322916666666667 0.416005291005291 0.4568452380952381 0.4298941798941799 0.48759920634920634 0.42658730158730157 0.5840773809523809 0.4107142857142857 0.626984126984127 0.3974867724867725 0.6535218253968254 0.4054232804232804 0.6681547619047619 0.4050925925925926 0.6716269841269841 0.37896825396825395 0.6750992063492064 0.38326719576719576 0.6785714285714286 0.4017857142857143 0.6788194444444444 0.4103835978835979 0.6810515873015873 0.41335978835978837 0.6852678571428571 0.4150132275132275 0.6994047619047619 0.4117063492063492 0.7065972222222222 0.4123677248677249 0.7145337301587301 0.4083994708994709 0.7289186507936508 0.3802910052910053 0.7309027777777778 0.38326719576719576 0.7346230158730159 0.39087301587301587 0.7331349206349206 0.4060846560846561 0.7368551587301587 0.4050925925925926 0.7418154761904762 0.3978174603174603 0.7492559523809523 0.3872354497354497 0.7532242063492064 0.37103174603174605 0.7502480158730159 0.35615079365079366 0.7517361111111112 0.34226190476190477 0.7586805555555556 0.3349867724867725 0.7591765873015873 0.3177910052910053 0.7557043650793651 0.3101851851851852 0.7487599206349206 0.2900132275132275 0.7452876984126984 0.2867063492063492 0.7398313492063492 0.2896825396825397 0.7346230158730159 0.30456349206349204 0.7368551587301587 0.33134920634920634 0.734375 0.35912698412698413 0.7346230158730159 0.36243386243386244 0.7328869047619048 0.37103174603174605 0.7348710317460317 0.375 0.7338789682539683 0.37533068783068785 0.7306547619047619 0.2863756613756614 0.7284226190476191 0.28174603174603174 0.7244543650793651 0.2814153439153439 0.7125496031746031 0.2853835978835979 0.7065972222222222 0.28273809523809523 0.7008928571428571 0.2847222222222222 0.6830357142857143 0.2906746031746032 0.6753472222222222 0.2919973544973545 0.6634424603174603 0.31283068783068785 0.6180555555555556 0.29794973544973546 0.5925099206349206 0.29365079365079366 0.5783730158730159 0.2986111111111111 0.4945436507936508 0.30158730158730157 0.4809027777777778 0.3098544973544973 0.4662698412698413 0.3406084656084656 0.4283234126984127 0.34226190476190477 0.419890873015873 0.3392857142857143 0.4117063492063492 0.3392857142857143 0.4007936507936508 0.3419312169312169 0.39012896825396826 0.3548280423280423 0.38764880952380953 0.37466931216931215 0.38839285714285715
2 0.5 0.39384920634920634 0.5287698412698413 0.3958333333333333 0.5327380952380952 0.39657738095238093 0.5363756613756614 0.40054563492063494 0.5367063492063492 0.4166666666666667 0.5320767195767195 0.4246031746031746 0.5320767195767195 0.43601190476190477 0.5572089947089947 0.4789186507936508 0.5625 0.49851190476190477 0.5542328042328042 0.5920138888888888 0.529431216931217 0.6423611111111112 0.5396825396825397 0.6748511904761905 0.4837962962962963 0.6733630952380952 0.47685185185185186 0.6753472222222222 0.4798280423280423 0.6793154761904762 0.4947089947089947 0.6785714285714286 0.5327380952380952 0.6822916666666666 0.5363756613756614 0.6822916666666666 0.5396825396825397 0.6788194444444444 0.5439814814814815 0.6842757936507936 0.5439814814814815 0.7033730158730159 0.5396825396825397 0.7056051587301587 0.531084656084656 0.7061011904761905 0.5291005291005291 0.7090773809523809 0.5257936507936508 0.7095734126984127 0.5433201058201058 0.7135416666666666 0.5433201058201058 0.7281746031746031 0.5400132275132276 0.7309027777777778 0.5198412698412699 0.7341269841269841 0.5327380952380952 0.7368551587301587 0.5363756613756614 0.7413194444444444 0.5327380952380952 0.7452876984126984 0.519510582010582 0.7497519841269841 0.5095899470899471 0.7584325396825397 0.49834656084656087 0.7604166666666666 0.4880952380952381 0.7594246031746031 0.47023809523809523 0.7517361111111112 0.4497354497354497 0.7559523809523809 0.43915343915343913 0.7554563492063492 0.4305555555555556 0.7517361111111112 0.42493386243386244 0.7450396825396826 0.42493386243386244 0.736359126984127 0.4375 0.7346230158730159 0.44576719576719576 0.7309027777777778 0.42493386243386244 0.7301587301587301 0.42162698412698413 0.7276785714285714 0.4183201058201058 0.6959325396825397 0.4226190476190476 0.6808035714285714 0.44642857142857145 0.6800595238095238 0.4599867724867725 0.6755952380952381 0.44543650793650796 0.6723710317460317 0.42857142857142855 0.6733630952380952 0.42658730158730157 0.6693948412698413 0.42757936507936506 0.6631944444444444 0.4437830687830688 0.6339285714285714 0.4289021164021164 0.5858134920634921 0.4365079365079365 0.4913194444444444 0.4556878306878307 0.4565972222222222 0.46130952380952384 0.45287698412698413 0.4751984126984127 0.4330357142857143 0.478505291005291 0.3975694444444444 0.48644179894179895 0.3940972222222222 0.49966931216931215 0.39384920634920634
2 0.6166865079365079 0.5746800595238095 0.10903769841269842 0.36066964285714287
2 0.21420304232804233 0.5643675595238096 0.13740410052910051 0.3896453373015873
2 0.06978835978835979 0.566857638888889 0.1395734126984127 0.3995858134920635